p_hat1500-1.clq
[672, 1062, 1173, 316, 104, 938, 449, 370, 474, 688]
10
keller4.clq
[42, 170, 82, 61, 90, 141, 28, 123, 15, 160, 40]
11
C2000.9.clq
[236, 890, 1968, 655, 1467, 1680, 137, 1478, 707, 1121, 430, 718, 202, 32, 215, 629, 251, 1209, 527, 210, 1739, 1197, 76, 1811, 1405, 514, 931, 1567, 1326, 71, 1163, 1531, 803, 1, 1087, 1761, 470, 556, 1268, 1875, 1543, 1733, 724, 1094, 1580, 1599, 102, 599, 1561, 1998, 327, 1447, 1455, 1007, 1427, 319, 1925, 762, 1538, 1581]
60
C1000.9.clq
[565, 489, 258, 164, 980, 198, 780, 266, 498, 59, 596, 782, 204, 340, 50, 385, 344, 119, 990, 91, 829, 441, 913, 787, 779, 887, 195, 549, 409, 20, 691, 6, 49, 928, 977, 468, 70, 338, 555, 510, 638, 701, 759, 933, 168, 598, 239, 707, 124, 976, 448, 723, 307, 311, 950]
55
DSJC500_5.clq
[338, 163, 221, 134, 277, 403, 178, 494, 383, 220, 191, 295, 43]
13
brock800_2.clq
[540, 77, 757, 140, 646, 302, 232, 788, 785, 53, 512, 701, 611, 94, 652, 798, 167, 768, 719]
19
gen200_p0.9_44.clq
[81, 12, 85, 19, 116, 101, 74, 73, 165, 126, 46, 179, 49, 140, 71, 48, 122, 128, 83, 33, 22, 154, 125, 189, 37, 45, 118, 137, 107, 64, 155, 148, 149, 97, 96, 119, 28, 39, 145, 66, 192]
41
p_hat300-1.clq
[249, 132, 114, 138, 173, 199, 189, 121]
8
keller5.clq
[659, 376, 16, 135, 362, 293, 244, 689, 716, 192, 275, 136, 637, 352, 479, 398, 11, 675, 23, 405, 283, 481, 285, 722]
24
gen200_p0.9_55.clq
[196, 174, 63, 87, 176, 88, 95, 112, 142, 158, 18, 13, 136, 14, 143, 146, 80, 32, 168, 25, 92, 24, 68, 72, 115, 163, 116, 75, 61, 110, 11, 186, 198, 81, 191, 162, 145, 78, 26, 5, 34, 77, 40, 90, 106, 76, 128, 85, 4, 181, 66, 29, 122, 20, 35]
55
gen400_p0.9_55.clq
[54, 287, 64, 5, 17, 383, 60, 72, 198, 159, 173, 59, 338, 203, 125, 176, 263, 127, 390, 28, 144, 90, 132, 283, 80, 49, 233, 61, 346, 149, 185, 155, 394, 320, 349, 85, 26, 268, 312, 234, 386, 318, 215, 323, 391, 359, 387, 172, 353]
49
C125.9.clq
[65, 69, 0, 48, 78, 120, 28, 79, 39, 4, 10, 102, 76, 13, 43, 54, 24, 33, 103, 67, 8, 51, 121, 81, 116, 124, 30, 109, 113, 53, 18, 44, 97, 95]
34
gen400_p0.9_65.clq
[338, 362, 191, 225, 393, 340, 233, 217, 160, 315, 342, 142, 68, 329, 209, 165, 92, 175, 167, 112, 374, 13, 157, 52, 134, 181, 137, 366, 184, 234, 246, 218, 307, 27, 382, 115, 170, 243, 19, 282, 162, 187, 257, 394, 108, 57, 180, 227, 70, 273, 252, 49, 259, 24, 35, 50, 350]
57
C4000.5.clq
[2837, 2501, 227, 2766, 2703, 3748, 988, 3484, 3105, 421, 3461, 3824, 1200, 2131, 903]
15
p_hat1500-3.clq
[1260, 164, 621, 437, 1166, 1066, 36, 155, 42, 75, 862, 357, 737, 432, 768, 474, 289, 10, 1459, 1026, 766, 748, 1119, 275, 1410, 688, 427, 989, 916, 561, 1001, 528, 443, 1120, 311, 690, 1071, 414, 260, 395, 391, 67, 825, 213, 1384, 130, 1412, 962, 371, 1272, 111, 433, 614, 513, 185, 563, 165, 973, 1315, 921, 1332, 60, 536, 1190, 837, 1170, 1264, 419, 1329, 529, 844, 939, 888, 906, 1402, 72, 99, 1477, 1246, 1156, 1463, 270, 1019, 308, 1499, 448, 1492]
87
brock200_4.clq
[9, 54, 61, 23, 44, 102, 136, 5, 158, 89, 70, 119, 84, 94, 39, 188]
16
keller6.clq
[1950, 2455, 2430, 1230, 2990, 682, 3028, 1076, 2555, 2911, 2070, 2460, 21, 602, 1546, 1566, 1384, 3030, 1126, 990, 689, 1223, 56, 271, 2634, 968, 1669, 2197, 755, 246, 171, 2562, 1854, 1121, 2909, 2582, 717, 49, 2837, 1104, 2832, 2744, 3102, 1436, 1749, 1559, 2934, 757]
48
p_hat300-2.clq
[280, 37, 25, 273, 295, 19, 258, 55, 75, 204, 48, 236, 39, 3, 138, 189, 74, 20, 148, 173, 272, 254, 164, 47, 198]
25
hamming10-4.clq
[759, 365, 547, 834, 281, 1003, 853, 18, 456, 198, 831, 564, 92, 915, 717, 730, 933, 432, 15, 187, 520, 622, 149, 298, 633, 374, 1020, 65, 479, 172, 910, 260, 736]
33
gen400_p0.9_75.clq
[307, 244, 321, 229, 173, 221, 204, 340, 373, 24, 344, 191, 144, 112, 386, 334, 382, 398, 53, 245, 105, 98, 101, 313, 94, 15, 337, 104, 8, 10, 149, 100, 390, 332, 5, 47, 358, 131, 380, 59, 26, 116, 66, 300, 142, 242, 120, 141, 139, 179, 111, 123, 154, 170, 249, 17, 156, 54, 399, 195, 264, 176, 29, 388, 57, 224, 346, 103, 394, 262, 162, 49, 283, 92, 367]
75
brock200_2.clq
[47, 148, 182, 144, 157, 119, 26, 120, 134, 69, 54, 104]
12
p_hat700-1.clq
[281, 548, 390, 355, 211, 255, 296, 520, 635]
9
hamming8-4.clq
[98, 41, 214, 14, 241, 91, 200, 239, 164, 157, 55, 16, 124, 186, 131, 69]
16
C500.9.clq
[483, 136, 489, 144, 180, 487, 45, 109, 380, 309, 148, 229, 116, 5, 363, 117, 111, 4, 427, 426, 214, 54, 289, 370, 397, 159, 43, 352, 450, 446, 294, 191, 410, 170, 243, 211, 320, 91, 421, 414, 492, 230, 283, 12, 423, 304, 51, 334, 21, 266, 360, 398, 200]
53
p_hat1500-2.clq
[1448, 1151, 905, 1384, 391, 1071, 71, 1458, 1001, 921, 427, 1166, 308, 1045, 67, 818, 260, 1477, 973, 357, 99, 72, 768, 25, 1170, 1459, 837, 690, 1388, 722, 563, 507, 1120, 543, 560, 962, 1034, 688, 621, 1484, 513, 1412, 699, 877, 823, 927, 764, 536, 614, 289, 1320, 919, 554, 1329, 1393]
55
DSJC1000_5.clq
[389, 893, 823, 183, 892, 494, 0, 817, 662, 121, 468, 799, 25]
13
brock400_4.clq
[39, 223, 175, 90, 152, 96, 294, 249, 384, 365, 179, 68, 386, 237, 117, 94, 214, 64, 309, 192, 73, 69, 267]
23
C2000.5.clq
[458, 1894, 1372, 264, 1650, 1938, 877, 483, 1752, 8, 1993, 1769, 306, 1000]
14
p_hat700-3.clq
[578, 325, 151, 510, 305, 127, 53, 657, 18, 347, 607, 396, 583, 132, 121, 521, 353, 316, 494, 524, 211, 677, 128, 296, 586, 575, 192, 68, 611, 580, 105, 436, 144, 561, 349, 47, 367, 372, 117, 75, 86, 666, 238, 344, 239, 260, 622, 148, 118, 386, 209, 648, 467, 294, 360, 188, 7, 16, 24, 242, 391]
61
brock400_2.clq
[149, 393, 236, 395, 183, 49, 289, 373, 115, 16, 396, 274, 75, 347, 163, 113, 19, 134, 170, 94, 263, 348]
22
p_hat300-3.clq
[32, 39, 148, 55, 97, 189, 204, 75, 74, 254, 198, 289, 48, 238, 173, 47, 298, 218, 20, 246, 23, 18, 3, 272, 138, 19, 251, 88, 159, 225, 297, 220, 244, 165, 234, 175]
36
C250.9.clq
[162, 240, 83, 5, 176, 234, 137, 71, 160, 57, 190, 151, 110, 121, 29, 62, 173, 130, 7, 211, 89, 104, 135, 231, 98, 34, 54, 86, 69, 197, 96, 25, 213, 196, 2, 128, 95, 36, 202, 101, 146, 91, 182, 156]
44
p_hat700-2.clq
[131, 14, 561, 607, 512, 611, 105, 322, 192, 677, 648, 349, 575, 353, 578, 316, 75, 367, 121, 666, 675, 47, 350, 325, 291, 148, 117, 360, 396, 53, 344, 118, 583, 296, 29, 211, 494, 580, 635, 510, 586, 467, 372, 378]
44
MANN_a27.clq
[19, 268, 159, 350, 81, 108, 326, 363, 214, 228, 180, 139, 367, 30, 9, 94, 258, 302, 239, 184, 298, 131, 143, 200, 146, 152, 341, 305, 126, 204, 111, 293, 47, 373, 85, 222, 43, 346, 178, 74, 216, 29, 247, 310, 271, 361, 64, 137, 209, 97, 306, 284, 92, 121, 212, 115, 7, 316, 344, 320, 154, 24, 156, 162, 8, 296, 71, 329, 286, 39, 169, 338, 76, 1, 290, 322, 202, 89, 221, 257, 190, 5, 245, 376, 194, 166, 252, 234, 242, 250, 314, 226, 58, 104, 357, 147, 101, 55, 134, 175, 106, 78, 188, 60, 370, 49, 36, 11, 351, 277, 196, 53, 231, 33, 124, 355, 264, 66, 274, 334, 262, 171, 331, 279, 118]
125
brock800_4.clq
[741, 590, 683, 49, 476, 122, 744, 134, 194, 500, 164, 53, 626, 603, 35, 591, 625, 9]
18
