p_hat1500-1.clq
[982, 612, 276, 619, 935, 613, 632, 1162, 768, 114]
10
keller4.clq
[33, 155, 135, 44, 160, 66, 48, 65, 147, 136, 41]
11
C2000.9.clq
[855, 19, 1814, 1353, 1074, 1857, 564, 842, 1605, 1241, 240, 245, 1746, 1618, 344, 169, 459, 1545, 700, 1871, 1958, 1766, 1976, 695, 1897, 356, 950, 1934, 867, 1904, 1064, 1519, 978, 128, 289, 79, 320, 1391, 600, 1862, 657, 1611, 1367, 1422, 811, 693, 1173, 595, 1881, 286, 1445, 1869, 1915, 1890, 817, 1340, 1558, 1190, 1233, 1290]
60
C1000.9.clq
[238, 820, 120, 887, 14, 487, 426, 430, 760, 68, 782, 423, 489, 683, 672, 703, 747, 491, 810, 146, 836, 444, 566, 797, 549, 132, 97, 615, 822, 512, 362, 649, 584, 957, 674, 209, 679, 717, 745, 964, 335, 837, 222, 668, 251, 655, 349, 685, 297, 618, 461, 172, 202, 128]
54
DSJC500_5.clq
[456, 235, 495, 68, 326, 273, 0, 99, 312, 116, 146, 199]
12
brock800_2.clq
[710, 669, 108, 40, 536, 476, 482, 697, 456, 399, 9, 745, 249, 142, 530, 46, 702, 592, 328]
19
gen200_p0.9_44.clq
[19, 116, 179, 93, 119, 192, 155, 51, 48, 128, 1, 140, 107, 101, 96, 12, 71, 152, 99, 169, 178, 81, 126, 64, 165, 37, 149, 33, 148, 145, 137, 92, 22, 80, 28, 194, 66, 74, 45]
39
p_hat300-1.clq
[109, 90, 295, 263, 196, 104, 48, 159]
8
keller5.clq
[747, 590, 147, 41, 304, 652, 662, 486, 220, 414, 37, 582, 167, 164, 774, 643, 557, 231, 143, 568, 588, 443, 148, 412]
24
gen200_p0.9_55.clq
[32, 163, 20, 24, 29, 40, 88, 80, 162, 112, 66, 106, 25, 146, 72, 63, 35, 158, 110, 145, 115, 142, 68, 197, 85, 174, 5, 4, 61, 18, 75, 77, 176, 95, 81, 196, 90, 181, 78, 13, 87, 136, 92, 14, 34, 198, 116, 186, 26, 11, 128, 143, 191, 122, 76]
55
gen400_p0.9_55.clq
[384, 254, 104, 198, 264, 395, 389, 338, 173, 149, 259, 28, 71, 399, 109, 70, 146, 19, 346, 387, 54, 239, 98, 163, 394, 97, 65, 193, 268, 312, 160, 60, 10, 178, 366, 55, 175, 357, 236, 215, 84, 234, 176, 25, 108, 49]
46
C125.9.clq
[13, 69, 10, 54, 116, 16, 90, 18, 8, 124, 109, 97, 48, 65, 24, 33, 120, 66, 98, 84, 51, 76, 95, 78, 113, 43, 30, 28, 4, 44, 102, 79, 103, 121]
34
gen400_p0.9_65.clq
[195, 333, 209, 159, 376, 210, 374, 160, 288, 142, 174, 340, 233, 362, 269, 70, 103, 191, 329, 339, 320, 88, 232, 73, 356, 263, 74, 202, 7, 234, 217, 121, 30, 68, 157, 187, 84, 322, 72, 278, 393, 96, 205, 382, 284, 134, 49, 248]
48
C4000.5.clq
[1991, 3455, 1616, 3222, 2455, 250, 1288, 3677, 440, 1898, 3400, 888, 2307, 1723, 1665, 74]
16
p_hat1500-3.clq
[1475, 921, 837, 1477, 371, 443, 825, 1272, 1332, 67, 1418, 974, 985, 270, 688, 1066, 563, 536, 1170, 165, 529, 71, 1045, 888, 554, 1019, 289, 1001, 768, 10, 395, 621, 939, 1166, 513, 1415, 818, 1120, 130, 614, 989, 471, 232, 919, 916, 1109, 172, 213, 899, 586, 1459, 877, 1033, 748, 1384, 1190, 737, 1264, 1119, 474, 962, 1410, 433, 357, 132, 1071, 419, 427, 214, 99, 437, 1243, 432, 1038, 1341, 164, 1412, 1482, 507, 1463, 852, 124]
82
brock200_4.clq
[44, 89, 9, 61, 70, 119, 54, 136, 102, 39, 23, 5, 94, 158, 188, 84]
16
keller6.clq
[321, 2366, 895, 1813, 3077, 451, 3004, 469, 1520, 1596, 2672, 815, 2879, 16, 1727, 2695, 2340, 171, 2702, 1270, 2270, 1224, 1306, 885, 361, 1757, 1590, 2620, 433, 2092, 562, 850, 595, 2238, 1425, 2964, 1844, 2256, 169, 397, 14, 59, 1027, 3186, 992]
45
p_hat300-2.clq
[173, 55, 189, 254, 295, 75, 148, 138, 218, 198, 25, 48, 47, 204, 273, 158, 272, 258, 39, 74, 3, 37, 230, 280, 164]
25
hamming10-4.clq
[322, 905, 69, 740, 28, 721, 830, 772, 555, 496, 151, 345, 431, 1019, 128, 560, 122, 787, 949, 654, 598, 877, 967, 296, 185, 38, 584, 410, 460, 203, 375, 930]
32
gen400_p0.9_75.clq
[160, 139, 94, 162, 142, 373, 245, 103, 149, 47, 111, 29, 98, 221, 144, 24, 386, 141, 101, 173, 346, 382, 104, 332, 100, 367, 191, 105, 120, 394, 334, 244, 224, 242, 15, 112, 92, 59, 337, 398, 380, 49, 214, 131, 10, 170, 66, 296, 229, 204, 344, 154, 179, 358, 262, 313, 264, 321, 116, 156, 249, 340, 123, 8, 53]
65
brock200_2.clq
[148, 104, 144, 119, 47, 134, 157, 182, 69, 120, 26, 54]
12
p_hat700-1.clq
[116, 685, 23, 401, 558, 305, 527, 333, 396, 458]
10
hamming8-4.clq
[54, 130, 125, 71, 90, 96, 238, 184, 159, 43, 12, 17, 201, 243, 212, 165]
16
C500.9.clq
[369, 492, 109, 283, 267, 377, 204, 136, 180, 289, 133, 159, 309, 96, 487, 111, 67, 403, 162, 188, 294, 185, 144, 76, 320, 148, 489, 243, 5, 12, 349, 4, 322, 107, 497, 261, 20, 146, 363, 397, 326, 414, 410, 293, 237, 405, 252, 325, 360, 450]
50
p_hat1500-2.clq
[1402, 10, 888, 42, 1410, 1246, 737, 275, 1160, 561, 1066, 25, 1156, 614, 433, 130, 155, 1264, 422, 528, 357, 172, 862, 439, 1001, 1166, 311, 72, 67, 1109, 1329, 1190, 71, 877, 560, 688, 153, 1071, 1170, 213, 563, 916, 989, 391, 973, 722, 1272, 825, 1144, 296, 289, 1320, 536, 1038]
54
DSJC1000_5.clq
[523, 960, 658, 31, 728, 498, 788, 835, 392, 692, 874, 70, 794]
13
brock400_4.clq
[120, 198, 165, 117, 211, 222, 303, 360, 55, 346, 258, 42, 256, 166, 92, 93, 68, 375, 199, 193, 205, 190]
22
C2000.5.clq
[1005, 1879, 1202, 1384, 201, 328, 1570, 1142, 1700, 1771, 692, 525, 276, 816]
14
p_hat700-3.clq
[118, 144, 607, 586, 128, 372, 583, 578, 247, 344, 611, 325, 677, 105, 666, 151, 316, 294, 148, 347, 386, 648, 95, 322, 86, 53, 121, 147, 622, 7, 16, 192, 467, 275, 521, 239, 536, 305, 68, 494, 47, 660, 360, 75, 524, 378, 238, 117, 209, 637, 510, 114, 580, 561, 24, 367, 289, 349, 284, 141, 657]
61
brock400_2.clq
[236, 77, 397, 134, 114, 250, 321, 319, 43, 314, 391, 120, 79, 127, 260, 230, 66, 188, 288, 359, 323, 30]
22
p_hat300-3.clq
[97, 3, 20, 39, 48, 189, 55, 75, 204, 23, 236, 148, 244, 47, 246, 159, 272, 138, 198, 289, 234, 19, 238, 251, 297, 220, 88, 173, 74, 175, 225, 254, 32, 165, 18]
35
C250.9.clq
[47, 55, 240, 5, 62, 104, 144, 190, 83, 226, 224, 71, 130, 40, 203, 85, 234, 34, 182, 176, 69, 177, 211, 25, 162, 116, 30, 110, 23, 128, 107, 2, 21, 7, 157, 160, 91, 202, 31, 164, 54, 121]
42
p_hat700-2.clq
[294, 611, 648, 211, 561, 666, 121, 316, 607, 386, 324, 53, 151, 105, 372, 75, 344, 192, 575, 72, 349, 512, 677, 296, 117, 29, 14, 148, 524, 114, 350, 378, 467, 322, 436, 260, 78, 534, 325, 353, 291, 417, 580]
43
MANN_a27.clq
[101, 121, 207, 160, 94, 164, 127, 10, 252, 203, 104, 183, 11, 361, 26, 197, 18, 288, 190, 61, 75, 49, 135, 334, 227, 165, 273, 328, 25, 339, 7, 366, 147, 247, 311, 276, 280, 199, 17, 306, 284, 351, 319, 293, 144, 55, 86, 31, 211, 342, 154, 63, 264, 294, 217, 359, 314, 299, 325, 97, 69, 28, 118, 109, 44, 175, 112, 151, 92, 139, 114, 271, 132, 228, 58, 46, 364, 350, 302, 2, 37, 194, 375, 33, 39, 267, 68, 243, 73, 53, 240, 130, 370, 323, 105, 141, 373, 234, 222, 347, 169, 219, 157, 261, 89, 177, 331, 251, 182, 123, 303, 233, 337, 256, 354, 171, 237, 214, 186, 286, 79, 83, 260, 206]
124
brock800_4.clq
[284, 44, 317, 386, 312, 474, 753, 749, 290, 477, 799, 499, 564, 580, 595, 87, 131, 796, 553]
19
