p_hat1500-1.clq
[357, 513, 547, 141, 805, 102, 572, 1272, 1194, 825, 657]
11
keller4.clq
[64, 93, 60, 100, 21, 3, 82, 5, 122, 128, 15]
11
C2000.9.clq
[1133, 511, 314, 495, 1385, 740, 665, 1119, 935, 907, 1392, 318, 580, 932, 558, 581, 1243, 1931, 598, 1544, 1302, 1513, 1353, 1889, 972, 36, 1972, 897, 1327, 31, 1938, 1970, 682, 1186, 1994, 628, 630, 743, 1912, 512, 454, 401, 698, 1537, 1943, 149, 868, 1593, 637, 872, 1012, 610, 1683, 721, 130, 74, 176, 999, 1563, 859]
60
C1000.9.clq
[507, 138, 648, 797, 934, 392, 150, 117, 417, 31, 928, 968, 598, 79, 652, 475, 966, 159, 237, 78, 308, 23, 284, 294, 950, 154, 351, 263, 964, 661, 714, 626, 683, 481, 795, 443, 330, 419, 218, 504, 71, 401, 856, 927, 242, 692, 800, 357, 348, 613, 851, 676, 655, 197]
54
DSJC500_5.clq
[447, 203, 322, 483, 95, 470, 132, 156, 432, 328, 177, 212, 494]
13
brock800_2.clq
[219, 71, 533, 84, 539, 503, 467, 621, 716, 156, 333, 617, 188, 569, 87, 277, 646, 659, 395, 674]
20
gen200_p0.9_44.clq
[128, 101, 48, 93, 12, 192, 142, 96, 179, 140, 126, 46, 28, 137, 196, 169, 1, 37, 119, 74, 29, 92, 165, 116, 194, 66, 81, 39, 131, 149, 19, 171, 99, 118, 83, 148, 64, 80, 71, 155]
40
p_hat300-1.clq
[250, 234, 17, 34, 148, 106, 24, 255]
8
keller5.clq
[669, 288, 425, 491, 83, 738, 191, 385, 391, 314, 393, 603, 61, 609, 91, 498, 26, 15, 607, 174, 298, 534, 296, 727, 702, 89, 171]
27
gen200_p0.9_55.clq
[20, 87, 191, 176, 32, 198, 24, 90, 112, 196, 88, 66, 40, 35, 181, 116, 146, 142, 25, 85, 122, 163, 76, 34, 106, 77, 145, 110, 95, 4, 80, 81, 61, 143, 5, 13, 26, 68, 92, 72, 14, 29, 168, 128, 115, 78, 18, 94, 158, 11, 174, 186, 75, 63, 162]
55
gen400_p0.9_55.clq
[346, 228, 102, 55, 395, 209, 237, 84, 280, 104, 146, 21, 96, 302, 371, 226, 59, 390, 121, 24, 282, 119, 295, 318, 79, 81, 66, 345, 343, 188, 385, 19, 83, 287, 296, 54, 238, 116, 105, 399, 138, 162, 169, 18, 23, 76]
46
C125.9.clq
[124, 76, 33, 114, 24, 43, 84, 8, 4, 10, 6, 69, 92, 78, 0, 109, 59, 1, 17, 23, 48, 81, 70, 79, 120, 116, 122, 100, 28, 47, 30, 121, 53, 67]
34
gen400_p0.9_65.clq
[374, 317, 144, 342, 363, 88, 96, 168, 350, 259, 340, 61, 398, 218, 311, 123, 134, 131, 300, 216, 387, 181, 2, 209, 234, 48, 30, 199, 211, 159, 160, 252, 238, 72, 210, 273, 355, 315, 278, 188, 47, 213, 320, 142, 7, 217, 150]
47
C4000.5.clq
[1385, 3367, 107, 1572, 2971, 565, 49, 2469, 617, 2503, 3877, 2496, 958, 1913, 2359]
15
p_hat1500-3.clq
[916, 395, 1246, 1264, 1470, 688, 921, 484, 528, 561, 513, 433, 1459, 1260, 766, 443, 962, 529, 1119, 876, 67, 899, 905, 1068, 99, 25, 308, 1315, 1088, 267, 737, 448, 92, 111, 216, 1407, 939, 1410, 1415, 371, 825, 289, 977, 42, 438, 474, 1243, 165, 1026, 36, 1302, 1384, 1100, 1033, 1001, 275, 536, 1288, 837, 944, 1071, 507, 60, 563, 862, 1332, 1166, 44, 357, 605, 10, 1492, 439, 989, 213, 888, 1412, 130, 1352, 419, 1034, 71, 72, 768, 446, 437]
86
brock200_4.clq
[116, 18, 37, 64, 28, 27, 138, 70, 126, 191, 78, 11, 160, 53, 164, 185, 92]
17
keller6.clq
[2217, 949, 2587, 2972, 3279, 2650, 359, 1772, 380, 1509, 1988, 3108, 2399, 2239, 1663, 922, 1507, 1273, 1147, 69, 2729, 2087, 2749, 3087, 820, 806, 809, 1171, 3308, 1645, 2671, 3115, 1169, 2750, 2935, 352, 1075, 1604, 484, 866, 45, 2963, 7, 2081, 2647, 2271, 1082]
47
p_hat300-2.clq
[39, 55, 47, 138, 75, 20, 189, 173, 78, 37, 254, 158, 25, 198, 289, 164, 280, 74, 258, 236, 3, 295, 48, 204, 272]
25
hamming10-4.clq
[140, 73, 234, 214, 866, 916, 26, 779, 241, 443, 518, 1001, 690, 687, 451, 301, 372, 422, 861, 127, 731, 641, 552, 1015, 21, 830, 35, 256, 334, 613, 592, 764, 817, 472]
34
gen400_p0.9_75.clq
[399, 344, 229, 373, 54, 105, 380, 26, 29, 346, 120, 202, 49, 394, 104, 191, 101, 141, 144, 98, 5, 103, 17, 59, 100, 150, 10, 111, 149, 300, 283, 386, 321, 242, 398, 245, 334, 66, 162, 24, 112, 0, 154, 131, 262, 313, 390, 53, 244, 332, 382, 358, 340, 123, 15, 8, 170, 204, 388, 176, 142, 94, 116, 249, 179, 195, 173, 57, 139]
69
brock200_2.clq
[69, 47, 54, 134, 182, 120, 148, 26, 119, 144, 157, 104]
12
p_hat700-1.clq
[512, 685, 558, 527, 536, 150, 333, 305, 458, 396, 116]
11
hamming8-4.clq
[28, 253, 91, 208, 104, 118, 227, 151, 137, 69, 47, 49, 206, 2, 186, 164]
16
C500.9.clq
[146, 373, 265, 493, 432, 55, 60, 477, 97, 443, 318, 42, 406, 63, 24, 487, 27, 467, 36, 69, 259, 452, 80, 203, 426, 263, 492, 179, 48, 120, 219, 112, 242, 457, 158, 51, 478, 442, 109, 419, 210, 20, 483, 460, 435, 330, 326, 10]
48
p_hat1500-2.clq
[561, 395, 1038, 916, 818, 1456, 276, 71, 614, 402, 1418, 766, 289, 260, 433, 989, 528, 1071, 1175, 67, 1484, 391, 722, 1264, 30, 1410, 1068, 427, 877, 1017, 1477, 1004, 1384, 1482, 1432, 748, 905, 1033, 213, 1414, 560, 1266, 862, 449, 1190, 837, 919, 25, 507, 273, 1208, 690, 688, 621, 172, 437, 132, 443, 1144, 513, 422]
61
DSJC1000_5.clq
[990, 728, 163, 521, 138, 483, 348, 592, 967, 915, 962, 122, 349]
13
brock400_4.clq
[196, 240, 7, 323, 361, 134, 6, 266, 206, 392, 293, 333, 352, 244, 379, 241, 395, 16, 185, 393, 210, 146, 18, 160, 156]
25
C2000.5.clq
[536, 147, 1213, 1550, 766, 1919, 560, 513, 1141, 795, 1266, 1129, 800, 1061, 1568]
15
p_hat700-3.clq
[147, 8, 106, 536, 105, 53, 294, 494, 29, 131, 325, 117, 677, 281, 521, 128, 467, 24, 421, 422, 360, 86, 583, 635, 575, 396, 238, 347, 192, 95, 349, 618, 580, 524, 47, 436, 316, 296, 148, 648, 456, 68, 378, 666, 578, 372, 586, 614, 386, 561, 144, 607, 75, 118, 392, 611, 305, 367, 322, 121]
60
brock400_2.clq
[169, 173, 15, 376, 264, 398, 322, 134, 298, 241, 104, 81, 198, 170, 377, 277, 25, 180, 10, 260, 167, 242, 141]
23
p_hat300-3.clq
[39, 204, 296, 148, 198, 20, 254, 251, 75, 19, 298, 3, 272, 175, 88, 165, 18, 289, 238, 218, 246, 234, 48, 220, 244, 55, 173, 225, 189, 138, 23, 292, 32, 159, 97, 297]
36
C250.9.clq
[5, 121, 137, 84, 190, 151, 182, 40, 128, 30, 112, 91, 196, 29, 107, 7, 43, 82, 164, 110, 69, 202, 22, 234, 198, 34, 156, 70, 146, 27, 60, 71, 177, 144, 54, 154, 211, 191, 239, 4, 75, 185]
42
p_hat700-2.clq
[294, 316, 677, 117, 349, 324, 296, 611, 666, 322, 14, 648, 396, 607, 467, 53, 575, 114, 635, 360, 392, 325, 586, 580, 291, 211, 657, 192, 512, 344, 372, 188, 118, 578, 148, 510, 494, 583, 561, 75, 350, 121, 105, 675]
44
MANN_a27.clq
[36, 95, 49, 104, 323, 51, 216, 283, 58, 335, 345, 40, 261, 276, 219, 205, 287, 185, 9, 174, 1, 78, 213, 168, 88, 195, 223, 138, 362, 363, 11, 329, 34, 142, 130, 8, 250, 302, 157, 122, 202, 180, 123, 238, 355, 54, 336, 351, 115, 15, 85, 359, 257, 132, 128, 209, 245, 67, 298, 226, 101, 159, 372, 31, 74, 46, 310, 200, 275, 253, 194, 290, 188, 70, 246, 343, 331, 166, 281, 371, 269, 230, 14, 81, 106, 319, 368, 26, 108, 212, 164, 231, 117, 340, 111, 29, 173, 64, 314, 137, 6, 325, 308, 260, 178, 293, 191, 151, 77, 315, 145, 240, 91, 234, 98, 147, 60, 270, 266, 296, 376, 350, 43, 155, 305]
125
brock800_4.clq
[126, 377, 690, 767, 61, 45, 458, 136, 349, 346, 118, 215, 602, 594, 521, 597, 711, 230, 686]
19
