p_hat1500-1.clq
[4, 446, 1266, 737, 130, 845, 476, 1475, 142, 1005, 402]
11
keller4.clq
[4, 74, 110, 83, 151, 48, 29, 62, 158, 65, 135]
11
C2000.9.clq
[20, 1418, 730, 930, 1245, 612, 1471, 303, 1166, 940, 1491, 1426, 691, 246, 1527, 729, 1406, 1934, 1515, 1948, 656, 1486, 599, 1423, 1947, 1482, 369, 178, 1405, 81, 483, 1605, 441, 1976, 915, 182, 298, 1203, 870, 570, 943, 1041, 37, 889, 19, 986, 1586, 1665, 12, 1696, 1806, 1932, 1035, 625, 415, 153, 103, 286, 70, 388, 1529, 1675, 1038, 1697, 1262, 1089, 324, 1689, 222]
69
C1000.9.clq
[579, 51, 562, 571, 119, 56, 41, 779, 699, 337, 191, 298, 791, 769, 847, 299, 348, 850, 356, 223, 686, 105, 213, 167, 620, 869, 593, 768, 137, 246, 355, 879, 934, 831, 987, 943, 143, 439, 159, 324, 275, 110, 629, 474, 828, 400, 23, 627, 122, 151, 57, 101, 190, 84, 508, 589, 73, 536, 976, 239, 20, 761, 330]
63
DSJC500_5.clq
[35, 207, 232, 387, 428, 326, 176, 339, 353, 410, 2, 265, 138]
13
brock800_2.clq
[243, 260, 227, 382, 25, 267, 412, 30, 501, 316, 50, 521, 561, 594, 140, 379, 130, 457, 598]
19
gen200_p0.9_44.clq
[116, 148, 165, 81, 93, 96, 118, 45, 140, 37, 192, 169, 155, 99, 101, 150, 83, 33, 104, 131, 189, 137, 39, 28, 80, 92, 12, 119, 149, 194, 128, 179, 19, 46, 185, 107, 122, 1, 71, 64, 145, 74, 66, 126]
44
p_hat300-1.clq
[250, 18, 47, 238, 255, 148, 62, 103]
8
keller5.clq
[179, 376, 747, 266, 706, 774, 206, 288, 264, 164, 588, 590, 167, 670, 674, 457, 118, 365, 695, 11, 99, 7, 438, 658, 582, 238, 241]
27
gen200_p0.9_55.clq
[4, 95, 11, 128, 76, 14, 88, 24, 72, 20, 176, 143, 75, 29, 68, 145, 163, 186, 34, 112, 66, 80, 40, 122, 158, 191, 35, 116, 87, 26, 106, 18, 85, 92, 115, 25, 77, 136, 61, 78, 13, 181, 196, 142, 198, 174, 162, 5, 63, 110, 81, 90, 168, 146, 32]
55
gen400_p0.9_55.clq
[0, 386, 70, 268, 238, 323, 155, 338, 10, 236, 64, 318, 17, 159, 5, 116, 21, 18, 254, 84, 198, 141, 257, 105, 108, 54, 359, 167, 247, 185, 163, 176, 97, 389, 193, 9, 282, 60, 291, 277, 209, 46, 332, 345, 295, 222, 33, 287, 296]
49
C125.9.clq
[24, 116, 33, 48, 103, 113, 44, 67, 10, 76, 69, 30, 95, 28, 121, 124, 79, 90, 4, 43, 8, 65, 54, 102, 51, 109, 13, 98, 97, 66, 49, 120, 84, 18]
34
gen400_p0.9_65.clq
[358, 282, 115, 170, 160, 137, 8, 118, 184, 35, 187, 167, 289, 13, 108, 233, 68, 394, 27, 227, 197, 362, 57, 46, 47, 181, 165, 257, 19, 144, 286, 24, 382, 374, 340, 329, 38, 205, 157, 366, 50, 333, 393, 273, 350, 209, 338, 342, 259, 162, 180, 52, 243, 217, 175, 378, 252, 4, 177, 239, 380, 246, 234, 315, 49]
65
C4000.5.clq
[2625, 2741, 3314, 3372, 2536, 691, 657, 3989, 3852, 3890, 2037, 2311, 1446, 49, 2819, 2809]
16
p_hat1500-3.clq
[437, 1026, 1066, 748, 939, 427, 528, 245, 657, 688, 888, 690, 682, 1477, 232, 1343, 1384, 513, 433, 10, 72, 357, 862, 1332, 1119, 443, 1086, 67, 1410, 213, 345, 439, 1341, 289, 132, 167, 432, 916, 825, 737, 1272, 818, 973, 1089, 1266, 178, 474, 391, 877, 275, 303, 548, 1170, 1071, 311, 989, 561, 554, 1166, 1001, 1243, 1459, 165, 371, 270, 1499, 722, 614, 768, 395, 36, 0, 25, 1415, 111, 621, 1393, 263, 1470, 1418, 102, 1402, 77, 1019, 1463, 684, 560, 124, 1260, 1048, 260, 906, 1156]
93
brock200_4.clq
[5, 102, 9, 61, 188, 91, 39, 54, 94, 70, 23, 84, 119, 158, 44, 89]
16
keller6.clq
[3119, 1679, 436, 2922, 2175, 358, 412, 1623, 73, 1, 139, 552, 2147, 2599, 2675, 1755, 2019, 2629, 768, 414, 2739, 3031, 243, 2809, 2385, 855, 1438, 1517, 2579, 2423, 704, 2417, 1038, 2711, 3158, 2544, 541, 2782, 1011, 1004, 965, 1117, 1111, 934, 2298, 591, 2201, 2075, 2329, 1821, 628, 1538, 2858]
53
p_hat300-2.clq
[75, 48, 37, 258, 47, 273, 55, 158, 230, 254, 204, 295, 272, 39, 236, 3, 189, 173, 138, 74, 198, 78, 280, 25, 164]
25
hamming10-4.clq
[288, 514, 600, 215, 683, 402, 742, 483, 68, 951, 854, 441, 987, 284, 263, 27, 136, 777, 627, 705, 337, 383, 869, 591, 165, 826, 105, 1000, 330, 461, 500, 900, 688, 556, 533, 765, 250, 54, 670, 430]
40
gen400_p0.9_75.clq
[179, 244, 98, 131, 10, 8, 204, 141, 221, 358, 332, 105, 346, 5, 92, 116, 344, 104, 224, 367, 398, 380, 245, 307, 373, 54, 283, 26, 101, 103, 149, 176, 242, 382, 24, 191, 390, 47, 321, 229, 94, 154, 386, 173, 388, 120, 300, 142, 66, 340, 156, 249, 313, 337, 59, 15, 399, 29, 262, 170, 394, 57, 162, 144, 112, 123, 100, 17, 264, 111, 195, 139, 334, 53, 49]
75
brock200_2.clq
[101, 35, 162, 149, 83, 175, 29, 84, 117, 199, 182]
11
p_hat700-1.clq
[536, 458, 116, 685, 253, 558, 333, 150, 305, 512, 396]
11
hamming8-4.clq
[9, 90, 156, 170, 192, 63, 246, 108, 48, 99, 85, 249, 6, 207, 147, 165]
16
C500.9.clq
[320, 6, 221, 170, 474, 180, 52, 380, 51, 177, 96, 109, 193, 367, 209, 489, 144, 168, 426, 89, 21, 339, 492, 126, 242, 333, 11, 309, 322, 441, 363, 5, 318, 416, 493, 289, 214, 91, 117, 293, 208, 4, 335, 20, 404, 412, 90, 483, 373, 410, 260, 97, 403]
53
p_hat1500-2.clq
[391, 67, 1071, 919, 766, 959, 1477, 427, 449, 443, 1004, 213, 439, 561, 433, 1144, 690, 818, 973, 1208, 1068, 916, 172, 837, 71, 737, 560, 528, 939, 1264, 0, 688, 989, 513, 1190, 1410, 1266, 605, 1384, 1038, 422, 563, 130, 621, 1033, 72, 862, 1246, 30, 722, 1332, 905, 132, 289, 388, 1414, 1166, 554, 414, 260, 402, 437, 1482, 165, 748]
65
DSJC1000_5.clq
[515, 179, 258, 753, 84, 359, 533, 502, 155, 327, 211, 629, 770, 156]
14
brock400_4.clq
[265, 361, 342, 392, 16, 244, 393, 339, 7, 185, 269, 196, 201, 146, 156, 134, 379, 160, 111, 241, 388, 395, 246, 18, 323, 240, 352, 6, 333, 293, 210, 266, 153]
33
C2000.5.clq
[1813, 1977, 1209, 1033, 1050, 488, 1022, 1351, 830, 408, 896, 109, 1869, 1505, 1016]
15
p_hat700-3.clq
[521, 53, 586, 211, 406, 291, 614, 436, 118, 611, 294, 86, 147, 128, 347, 325, 95, 561, 666, 316, 589, 47, 105, 524, 121, 583, 281, 117, 421, 296, 456, 618, 106, 75, 18, 14, 520, 360, 76, 575, 593, 372, 148, 467, 349, 381, 657, 392, 327, 386, 622, 192, 638, 378, 237, 151, 305, 8, 396, 607, 144, 367]
62
brock400_2.clq
[345, 204, 173, 138, 159, 248, 221, 372, 92, 299, 160, 275, 41, 163, 101, 389, 367, 16, 172, 383, 269, 35, 194]
23
p_hat300-3.clq
[220, 23, 18, 254, 298, 225, 39, 289, 32, 175, 218, 20, 234, 138, 159, 246, 48, 19, 204, 97, 251, 88, 75, 165, 3, 296, 238, 244, 272, 297, 198, 189, 148, 74, 173, 55]
36
C250.9.clq
[8, 83, 182, 130, 240, 149, 213, 98, 175, 184, 45, 137, 227, 5, 34, 36, 208, 95, 202, 55, 197, 233, 65, 40, 162, 61, 158, 15, 133, 128, 2, 52, 181, 109, 115, 226, 57, 191, 220, 143, 104, 140, 206]
43
p_hat700-2.clq
[580, 291, 575, 75, 510, 396, 611, 118, 677, 117, 607, 578, 148, 121, 14, 648, 635, 344, 675, 367, 586, 494, 296, 316, 512, 105, 192, 353, 360, 583, 29, 349, 561, 322, 114, 350, 325, 211, 467, 53, 392, 47, 372, 666]
44
MANN_a27.clq
[88, 16, 188, 12, 181, 80, 25, 1, 56, 183, 68, 129, 144, 115, 169, 10, 75, 61, 3, 154, 18, 148, 197, 231, 7, 123, 32, 112, 209, 137, 203, 24, 100, 65, 225, 252, 178, 235, 47, 219, 242, 152, 277, 266, 134, 273, 102, 246, 141, 261, 98, 286, 121, 191, 58, 284, 210, 84, 271, 33, 297, 194, 259, 127, 206, 162, 296, 71, 244, 166, 224, 303, 308, 110, 94, 293, 328, 280, 214, 27, 340, 342, 311, 350, 107, 250, 229, 237, 313, 302, 356, 338, 325, 359, 255, 365, 332, 362, 370, 269, 72, 53, 92, 346, 352, 315, 156, 48, 140, 335, 83, 366, 216, 117, 377, 200, 320, 159, 37, 289, 176, 40, 172, 44, 321]
125
brock800_4.clq
[396, 666, 619, 660, 479, 463, 66, 565, 604, 106, 365, 277, 561, 373, 113, 69, 494, 285, 86, 453]
20
