p_hat1500-1.clq
[1415, 551, 99, 1404, 803, 1144, 1248, 583, 1446, 336]
10
keller4.clq
[21, 149, 71, 14, 0, 95, 93, 121, 128, 166, 7]
11
C2000.9.clq
[1416, 746, 483, 1604, 1285, 235, 1739, 455, 1826, 553, 1518, 1596, 1048, 1445, 710, 868, 749, 1447, 489, 923, 1312, 1617, 666, 67, 1990, 1768, 1924, 884, 1870, 870, 694, 394, 1482, 693, 1976, 752, 32, 318, 1674, 1581, 255, 1896, 1434, 1701, 1363, 652, 1583, 918, 1333, 1467, 1352, 227, 1998, 1115, 632, 25, 1279, 1643, 784, 59, 614, 315, 397, 1607, 184, 920, 629, 261, 524, 1377, 1684]
71
C1000.9.clq
[81, 289, 564, 657, 27, 574, 280, 242, 936, 934, 839, 424, 96, 804, 167, 910, 278, 7, 230, 753, 872, 975, 246, 416, 800, 939, 59, 171, 667, 924, 684, 890, 783, 261, 557, 799, 301, 785, 504, 995, 237, 619, 962, 867, 603, 468, 528, 680, 828, 720, 116, 578, 877, 397, 937, 888, 592, 285, 8, 639, 194, 586, 954]
63
DSJC500_5.clq
[428, 182, 374, 406, 277, 453, 343, 328, 287, 95, 77, 17, 387]
13
brock800_2.clq
[150, 614, 409, 584, 318, 620, 266, 279, 93, 652, 736, 594, 261, 626, 541, 105, 656, 102, 486]
19
gen200_p0.9_44.clq
[99, 92, 19, 118, 74, 189, 137, 148, 179, 169, 116, 140, 28, 83, 96, 107, 149, 45, 192, 81, 39, 126, 101, 66, 12, 155, 37, 131, 64, 119, 33, 194, 128, 93, 71, 185, 150, 41, 165, 46, 122, 80, 104, 145]
44
p_hat300-1.clq
[158, 267, 207, 218, 249, 37, 78, 239]
8
keller5.clq
[61, 37, 414, 71, 149, 14, 69, 121, 183, 364, 694, 469, 585, 464, 168, 407, 650, 276, 227, 438, 554, 591, 750, 319, 341, 741]
26
gen200_p0.9_55.clq
[110, 61, 162, 163, 32, 94, 5, 88, 76, 80, 143, 146, 197, 174, 11, 78, 34, 40, 186, 24, 87, 196, 26, 191, 142, 29, 158, 18, 181, 72, 95, 4, 92, 145, 112, 20, 63, 176, 115, 25, 75, 116, 90, 13, 128, 77, 198, 68, 81, 85, 106, 66, 122, 14, 35]
55
gen400_p0.9_55.clq
[296, 49, 175, 209, 257, 184, 345, 327, 385, 68, 346, 254, 176, 295, 234, 159, 318, 268, 105, 320, 338, 17, 116, 0, 155, 386, 97, 389, 60, 84, 10, 70, 323, 332, 64, 198, 46, 5, 149, 54, 135, 269, 390, 80, 395, 138, 215, 378, 359, 238, 247]
51
C125.9.clq
[4, 121, 43, 51, 79, 28, 53, 69, 48, 124, 109, 76, 24, 78, 0, 8, 33, 10, 116, 6, 54, 81, 30, 39, 103, 44, 64, 18, 113, 67, 97, 102, 95, 65]
34
gen400_p0.9_65.clq
[217, 169, 244, 160, 174, 313, 125, 94, 249, 134, 374, 333, 294, 363, 350, 144, 118, 159, 42, 158, 38, 165, 346, 261, 46, 301, 61, 300, 288, 233, 329, 84, 222, 120, 27, 40, 341, 322, 96, 279, 50, 47, 63, 108, 157, 338, 104, 315, 225, 256, 218, 246]
52
C4000.5.clq
[1290, 1316, 622, 301, 3859, 1008, 1791, 3680, 2084, 2165, 3799, 2013, 2651, 1005, 719, 3018]
16
p_hat1500-3.clq
[443, 989, 1004, 1119, 688, 1019, 766, 818, 437, 1463, 1470, 1001, 357, 737, 536, 111, 973, 563, 1071, 1341, 921, 1459, 474, 427, 1166, 67, 1170, 1264, 1402, 132, 1156, 1026, 260, 1415, 621, 722, 311, 439, 178, 825, 916, 1418, 72, 1144, 402, 690, 1384, 959, 837, 130, 1410, 36, 513, 1388, 99, 388, 905, 561, 433, 554, 102, 1260, 1499, 944, 395, 391, 1045, 432, 1272, 852, 1477, 1034, 308, 10, 213, 165, 167, 906, 92, 216, 1243, 560, 75, 579, 1393, 1266, 507, 275, 81, 803, 862, 976, 1484, 1338]
94
brock200_4.clq
[5, 199, 91, 22, 64, 45, 84, 9, 39, 21, 71, 61, 52, 102, 174, 94]
16
keller6.clq
[595, 2465, 1651, 1477, 3034, 941, 2106, 2013, 317, 395, 1593, 609, 1162, 2333, 1579, 2069, 15, 2075, 3158, 60, 687, 1234, 1508, 1061, 2690, 3264, 1947, 64, 140, 165, 1665, 1941, 2147, 581, 163, 2305, 2323, 1607, 1747, 3282, 2547, 2506, 603, 1978, 311, 245, 567, 2178, 215, 651, 213, 232, 672, 991]
54
p_hat300-2.clq
[173, 88, 158, 138, 43, 75, 148, 272, 295, 55, 48, 37, 39, 258, 254, 198, 47, 204, 236, 20, 289, 292, 189, 3, 251]
25
hamming10-4.clq
[333, 37, 681, 313, 124, 862, 200, 475, 789, 722, 871, 947, 1021, 961, 880, 416, 812, 157, 546, 468, 692, 575, 87, 310, 16, 431, 241, 14, 230, 186, 601, 107, 580, 1002, 920, 322, 779, 719, 131, 902]
40
gen400_p0.9_75.clq
[242, 340, 15, 173, 49, 191, 59, 204, 123, 141, 116, 373, 144, 394, 66, 104, 101, 98, 47, 111, 334, 337, 29, 142, 139, 105, 358, 244, 221, 100, 386, 5, 179, 10, 24, 382, 170, 390, 120, 300, 131, 283, 367, 380, 17, 26, 245, 149, 249, 399, 346, 103, 154, 94, 398, 307, 57, 8, 332, 388, 54, 313, 53, 162, 176, 195, 229, 224, 92, 156, 264, 112, 262, 321, 344]
75
brock200_2.clq
[117, 162, 35, 84, 175, 149, 89, 101, 83, 199, 182]
11
p_hat700-1.clq
[99, 511, 435, 495, 666, 453, 409, 127, 665]
9
hamming8-4.clq
[62, 181, 152, 214, 162, 74, 93, 143, 112, 103, 251, 236, 4, 19, 41, 193]
16
C500.9.clq
[210, 30, 482, 311, 238, 184, 300, 331, 51, 12, 489, 289, 96, 267, 442, 330, 36, 203, 219, 127, 282, 426, 27, 179, 147, 118, 275, 319, 343, 398, 99, 97, 154, 209, 464, 182, 241, 478, 133, 102, 155, 409, 475, 287, 196, 90, 11, 162, 218, 41, 448, 131, 412]
53
p_hat1500-2.clq
[690, 1071, 1144, 1246, 818, 919, 1004, 1166, 1068, 130, 916, 1266, 837, 1190, 1477, 213, 427, 563, 825, 688, 71, 973, 766, 528, 402, 1410, 513, 989, 737, 67, 1414, 437, 1264, 357, 560, 862, 614, 877, 289, 1415, 1341, 561, 439, 959, 1038, 391, 172, 1033, 449, 1384, 1055, 138, 471, 1343, 25, 944, 395, 1484, 273, 905, 1458, 1482, 1171, 621, 748]
65
DSJC1000_5.clq
[846, 274, 913, 107, 711, 133, 181, 619, 165, 362, 779, 971, 579, 162]
14
brock400_4.clq
[320, 162, 12, 259, 6, 387, 353, 73, 292, 309, 50, 99, 186, 218, 39, 246, 313, 119, 52, 244, 184, 179, 360, 307, 117]
25
C2000.5.clq
[1178, 1287, 23, 1956, 1819, 1810, 1768, 631, 934, 1067, 1443, 254, 1853, 555, 735]
15
p_hat700-3.clq
[260, 607, 648, 391, 151, 347, 524, 289, 247, 583, 128, 578, 325, 611, 666, 75, 494, 121, 275, 294, 117, 316, 106, 622, 660, 367, 86, 372, 30, 586, 344, 305, 148, 386, 580, 192, 467, 7, 637, 68, 141, 360, 392, 53, 238, 144, 16, 239, 105, 677, 322, 284, 561, 29, 536, 324, 15, 118, 147, 24, 378, 349]
62
brock400_2.clq
[58, 390, 271, 53, 325, 332, 134, 189, 260, 320, 302, 399, 142, 369, 350, 198, 339, 291, 318, 148, 130, 265, 356, 85]
24
p_hat300-3.clq
[48, 254, 175, 218, 298, 55, 204, 75, 234, 148, 296, 272, 289, 198, 97, 3, 20, 246, 17, 32, 18, 251, 238, 297, 165, 39, 225, 138, 137, 19, 88, 292, 173, 189, 220, 244]
36
C250.9.clq
[36, 143, 105, 57, 133, 231, 162, 116, 47, 104, 240, 52, 159, 89, 29, 182, 63, 49, 241, 96, 197, 220, 151, 137, 227, 158, 83, 68, 229, 225, 201, 61, 3, 174, 85, 114, 249, 71, 199, 97, 72, 37, 226, 176]
44
p_hat700-2.clq
[296, 75, 121, 575, 291, 316, 607, 512, 117, 561, 148, 583, 192, 677, 611, 29, 494, 350, 648, 322, 367, 396, 105, 578, 360, 211, 47, 353, 344, 325, 14, 349, 118, 666, 53, 114, 548, 675, 386, 378, 147, 580, 510, 635]
44
MANN_a27.clq
[45, 208, 178, 120, 165, 99, 142, 61, 159, 228, 79, 243, 130, 118, 300, 286, 295, 313, 334, 116, 331, 197, 326, 345, 307, 34, 318, 341, 376, 111, 134, 57, 370, 151, 343, 309, 278, 226, 257, 355, 322, 192, 250, 373, 185, 126, 137, 304, 283, 187, 316, 271, 48, 232, 138, 154, 107, 110, 39, 70, 84, 202, 54, 182, 169, 258, 66, 293, 218, 146, 205, 336, 96, 93, 298, 279, 176, 156, 43, 235, 327, 51, 242, 247, 268, 189, 360, 72, 124, 63, 366, 266, 148, 32, 224, 162, 289, 87, 262, 351, 238, 91, 198, 36, 77, 349, 220, 254, 28, 103, 8, 213, 13, 81, 25, 358, 24, 365, 19, 171, 21, 212, 6, 4, 274]
125
brock800_4.clq
[84, 198, 766, 43, 770, 629, 102, 626, 789, 249, 253, 644, 560, 258, 327, 625, 679, 701, 545]
19
