p_hat1500-1.clq
[357, 67, 311, 507, 433, 371, 1398, 554]
8
keller4.clq
[0, 7, 12, 71, 78, 102, 21, 96]
8
C2000.9.clq
[577, 286, 1423, 1998, 416, 1739, 464, 1385, 1922, 597, 1980, 1997, 19, 1694, 1898, 1586, 1022, 719, 1624, 1173, 1360, 1389, 18, 564, 1136, 1372, 1673, 727, 1298, 1353, 1488, 441, 867, 1556, 1769, 439, 611, 1715, 1695, 139, 643, 27, 1402, 1644, 645, 1123, 749, 866, 1856, 1266, 81, 1688, 1915, 631, 861, 30]
56
C1000.9.clq
[627, 147, 246, 655, 668, 749, 128, 482, 699, 78, 305, 418, 674, 719, 438, 576, 720, 469, 72, 652, 967, 283, 294, 344, 483, 527, 940, 816, 927, 997, 513, 644, 937, 772, 863, 18, 350, 363, 2, 59, 239, 623, 872, 162, 204, 446, 968, 489, 882, 156, 988]
51
DSJC500_5.clq
[200, 13, 409, 135, 53, 105, 277, 352]
8
brock800_2.clq
[346, 531, 333, 384, 621, 53, 358, 13, 569, 592, 220, 146, 482, 675]
14
gen200_p0.9_44.clq
[1, 48, 26, 49, 51, 85, 125, 132, 173, 18, 64, 71, 176, 198, 22, 58, 98, 142, 68, 78, 74, 90, 135, 139, 144, 57, 60, 87, 103, 14, 161, 76]
32
p_hat300-1.clq
[267, 189, 158, 37, 249, 246, 153]
7
keller5.clq
[0, 7, 12, 71, 78, 102, 346, 353, 377, 473, 21, 96, 279, 285, 371, 479, 515]
17
gen200_p0.9_55.clq
[88, 109, 102, 120, 168, 49, 57, 104, 132, 44, 158, 12, 91, 105, 151, 0, 113, 136, 155, 177, 38, 42, 51, 69, 76, 99, 180, 121, 150, 163, 18, 30, 68, 115, 56, 65]
36
gen400_p0.9_55.clq
[17, 19, 28, 64, 268, 295, 366, 126, 198, 283, 59, 65, 312, 73, 321, 333, 383, 10, 228, 95, 105, 146, 239, 257, 338, 344, 265, 209, 248, 263, 300, 320, 49, 72, 86, 341, 26, 346, 60, 43, 236, 351, 377, 185]
44
C125.9.clq
[53, 59, 113, 44, 103, 6, 7, 79, 98, 10, 28, 48, 66, 124, 38, 69, 21, 33, 64, 122, 1, 8, 24, 47, 84, 95, 78, 70, 67]
29
gen400_p0.9_65.clq
[288, 142, 341, 384, 134, 174, 314, 320, 322, 370, 159, 189, 206, 218, 224, 233, 291, 17, 68, 95, 165, 158, 350, 70, 301, 147, 169, 308, 336, 84, 125, 337, 3, 249, 334, 63, 47, 297, 255, 256]
40
C4000.5.clq
[3184, 2715, 573, 920, 308, 1714, 3403, 3531, 1117, 1503, 908, 456]
12
p_hat1500-3.clq
[351, 621, 737, 818, 433, 414, 1120, 260, 276, 1001, 1170, 1482, 213, 688, 989, 1234, 427, 449, 25, 72, 357, 543, 962, 1172, 245, 443, 528, 0, 513, 520, 906, 1272, 862, 919, 939, 67, 111, 561, 1071, 311, 748, 1033, 1260, 1475, 669, 1266, 1332, 1418, 905, 388, 130, 1477, 432, 1119, 10, 722, 102, 1175, 1384, 1004, 419, 1492, 1410, 1162, 1343, 402, 1144, 690, 1066, 437, 781, 766, 930, 390, 774]
75
brock200_4.clq
[61, 90, 197, 32, 89, 64, 70, 94, 72, 136, 41, 187, 65]
13
keller6.clq
[0, 7, 12, 71, 78, 102, 346, 353, 377, 473, 1557, 1564, 1588, 1684, 2068, 21, 96, 279, 285, 371, 479, 1160, 1166, 1262, 1286, 1582, 1654, 1660, 1690, 2074, 2197, 515, 1726, 2110, 2206, 2230, 2236]
37
p_hat300-2.clq
[55, 258, 273, 75, 37, 189, 158, 267, 204, 218, 48, 74, 254, 3, 39, 88, 272, 47, 230, 173, 280, 78, 198]
23
hamming10-4.clq
[0, 15, 51, 60, 85, 90, 102, 105, 150, 153, 165, 170, 195, 204, 240, 255, 771, 780, 816, 831, 854, 857, 869, 874, 917, 922, 934, 937, 960, 975, 1011, 1020]
32
gen400_p0.9_75.clq
[177, 339, 148, 74, 150, 246, 291, 210, 232, 42, 142, 374, 121, 52, 115, 363, 117, 278, 389, 1, 164, 292, 341, 387, 89, 167, 205, 2, 214, 221, 58, 76, 293, 80, 114, 219, 301, 94, 226, 399, 100, 29, 134, 359, 252]
45
brock200_2.clq
[69, 9, 48, 40, 46, 47, 184]
7
p_hat700-1.clq
[349, 677, 464, 386, 78, 294, 409]
7
hamming8-4.clq
[0, 15, 51, 60, 85, 90, 102, 105, 150, 153, 165, 170, 195, 204, 240, 255]
16
C500.9.clq
[96, 109, 4, 193, 489, 492, 107, 136, 146, 51, 117, 267, 426, 131, 138, 450, 203, 204, 309, 5, 279, 294, 441, 52, 60, 112, 380, 403, 454, 20, 243, 338, 487, 414, 483, 36, 180, 229, 241, 335, 154, 290, 405]
43
p_hat1500-2.clq
[357, 621, 67, 1170, 414, 130, 688, 513, 528, 391, 276, 433, 768, 260, 818, 1120, 172, 1246, 1071, 72, 837, 71, 563, 614, 862, 1320, 1463, 1482, 1272, 25, 737, 1001, 748, 825, 973, 213, 989, 939, 432, 427, 449, 916, 1119, 905, 232, 919, 1033, 1384, 690, 138, 1038, 560, 124, 1343]
54
DSJC1000_5.clq
[915, 79, 596, 832, 346, 821, 614, 138, 952, 725]
10
brock400_4.clq
[356, 283, 237, 76, 241, 64, 386, 214, 268, 184, 294, 375, 312, 338, 161, 51, 264, 137]
18
C2000.5.clq
[544, 365, 1158, 341, 1003, 1635, 564, 1742, 437, 1400]
10
p_hat700-3.clq
[291, 75, 677, 114, 586, 316, 86, 211, 121, 322, 392, 349, 372, 494, 521, 575, 534, 524, 117, 192, 305, 344, 347, 350, 458, 7, 324, 239, 561, 648, 105, 360, 510, 436, 148, 251, 294, 29, 583, 607, 325, 611, 53, 296, 622, 151, 260, 128, 378, 327, 467, 8, 147, 131, 24]
55
brock400_2.clq
[130, 15, 208, 399, 56, 366, 108, 350, 261, 180, 256, 40, 42, 128, 44, 284, 104, 322, 308, 265]
20
p_hat300-3.clq
[75, 254, 37, 152, 238, 258, 55, 48, 3, 189, 267, 39, 204, 296, 148, 246, 273, 32, 74, 286, 298, 18, 118, 132, 239, 164, 173, 20, 97, 198]
30
C250.9.clq
[124, 5, 62, 149, 196, 229, 93, 112, 137, 158, 194, 211, 28, 40, 65, 182, 201, 16, 63, 173, 85, 190, 203, 247, 49, 83, 160, 179, 241, 110, 183, 197, 84, 135, 72]
35
p_hat700-2.clq
[114, 575, 677, 75, 578, 586, 607, 211, 105, 291, 417, 561, 316, 322, 494, 367, 372, 349, 121, 29, 86, 611, 350, 458, 78, 267, 294, 305, 512, 148, 151, 648, 548, 117, 192, 14, 189, 378]
38
MANN_a27.clq
[27, 30, 33, 36, 39, 42, 45, 48, 51, 54, 57, 60, 63, 66, 69, 72, 75, 78, 81, 84, 87, 90, 93, 96, 99, 102, 105, 108, 111, 114, 117, 120, 123, 126, 129, 132, 135, 138, 141, 144, 147, 150, 153, 156, 159, 162, 165, 168, 171, 174, 177, 180, 183, 186, 189, 192, 195, 198, 201, 204, 207, 210, 213, 216, 219, 222, 225, 228, 231, 234, 237, 240, 243, 246, 249, 252, 255, 258, 261, 264, 267, 270, 273, 276, 279, 282, 285, 288, 291, 294, 297, 300, 303, 306, 309, 312, 315, 318, 321, 324, 327, 330, 333, 336, 339, 342, 345, 348, 351, 354, 357, 360, 363, 366, 369, 372, 375, 13, 14, 16, 17, 22, 23, 25, 26]
125
brock800_4.clq
[512, 799, 486, 500, 165, 422, 739, 192, 788, 214, 646, 692, 745, 181]
14
