p_hat1500-1.clq
[357, 433, 818, 711, 888, 1227, 1341, 371, 779, 270, 1017]
11
keller4.clq
[7, 21, 91, 14, 0, 98, 66, 118, 124, 116, 40]
11
C2000.9.clq
[577, 1423, 1250, 412, 1136, 656, 1932, 112, 1998, 91, 1868, 1947, 280, 92, 1890, 201, 184, 1580, 1491, 803, 1980, 923, 882, 1627, 1693, 260, 1328, 461, 512, 1509, 823, 1604, 1180, 1610, 83, 4, 335, 1972, 436, 1271, 232, 574, 955, 1892, 1324, 1575, 64, 1034, 450, 1915, 1787, 1138, 1346, 782, 984, 1624, 1119, 1779, 1289, 94, 907, 1518, 242, 1351, 1350, 1514]
66
C1000.9.clq
[72, 161, 734, 218, 627, 577, 749, 885, 146, 190, 470, 418, 986, 211, 209, 298, 166, 234, 343, 720, 730, 278, 454, 668, 230, 89, 137, 525, 247, 269, 288, 423, 306, 913, 513, 45, 175, 762, 429, 812, 122, 167, 899, 819, 67, 409, 416, 119, 458, 517, 745, 170, 541, 441, 872, 866]
56
DSJC500_5.clq
[200, 53, 323, 94, 13, 495, 225, 84, 49, 277, 272]
11
brock800_2.clq
[285, 64, 711, 793, 342, 228, 147, 772, 470, 303, 94, 375, 84, 162, 74, 330, 599, 746, 757]
19
gen200_p0.9_44.clq
[85, 48, 49, 22, 26, 97, 125, 198, 6, 71, 124, 90, 46, 171, 126, 58, 4, 39, 155, 116, 140, 122, 67, 24, 32, 55, 19, 118, 154, 132, 128, 165, 137, 189, 45, 74]
36
p_hat300-1.clq
[189, 132, 114, 249, 298, 121, 173, 199]
8
keller5.clq
[7, 21, 91, 12, 4, 97, 73, 51, 119, 128, 66, 413, 447, 172, 479, 557, 424, 470, 585, 341, 599, 568, 374, 274]
24
gen200_p0.9_55.clq
[120, 57, 158, 168, 76, 88, 29, 109, 72, 49, 105, 42, 0, 44, 17, 132, 150, 152, 30, 38, 64, 92, 91, 180, 18, 26, 145, 39, 45, 94, 55, 51, 68, 163, 14, 13, 67, 103, 131]
39
gen400_p0.9_55.clq
[17, 19, 95, 28, 275, 301, 287, 295, 73, 286, 26, 283, 198, 270, 383, 236, 394, 300, 338, 247, 61, 318, 22, 42, 64, 264, 251, 133, 255, 254, 305, 60, 390, 77, 92, 100, 0, 105, 113, 163, 277, 15, 72]
43
C125.9.clq
[53, 113, 103, 6, 79, 28, 18, 44, 7, 64, 10, 97, 124, 69, 21, 46, 116, 33, 121, 66, 34, 76, 1, 73, 48, 47, 95, 84, 70, 67, 115, 49]
32
gen400_p0.9_65.clq
[288, 142, 112, 199, 341, 221, 56, 95, 172, 156, 166, 121, 147, 265, 68, 69, 160, 375, 278, 36, 17, 311, 240, 165, 220, 232, 159, 14, 114, 186, 209, 323, 91, 94, 59, 190, 48, 162, 395, 275, 61, 13, 207, 123]
44
C4000.5.clq
[2414, 2572, 1868, 1290, 2539, 3344, 2472, 3134, 1305, 1874, 1424, 3667, 3432, 1275, 2296]
15
p_hat1500-3.clq
[737, 621, 818, 989, 688, 768, 1001, 1166, 474, 388, 1272, 439, 877, 899, 825, 927, 1243, 1246, 72, 25, 1033, 67, 1172, 1071, 419, 437, 71, 245, 371, 130, 690, 905, 561, 528, 513, 395, 427, 172, 213, 357, 563, 1170, 916, 1162, 766, 433, 1459, 260, 1384, 111, 10, 308, 92, 1266, 529, 1475, 42, 939, 1332, 270, 159, 959, 1470, 99, 432, 1156, 36, 1410, 102, 579, 598, 275, 443, 1402, 178, 844, 1341, 1477, 921, 944, 132, 255, 1499, 1119, 536, 507, 422]
87
brock200_4.clq
[61, 72, 55, 90, 187, 89, 5, 40, 70, 32, 65, 64, 134, 154, 180]
15
keller6.clq
[7, 21, 91, 14, 0, 98, 116, 40, 124, 118, 66, 410, 450, 456, 464, 368, 268, 568, 588, 506, 186, 562, 595, 341, 1912, 1984, 1918, 2050, 2041, 2493, 2366, 2360, 1600, 2484, 2550, 1654, 1621, 1753, 920, 1760, 1635, 1563, 1319, 2269, 2275, 1199, 1205, 1947]
48
p_hat300-2.clq
[55, 158, 273, 48, 254, 148, 189, 3, 39, 43, 258, 249, 204, 75, 47, 37, 295, 138, 173, 20, 103, 178, 152]
23
hamming10-4.clq
[51, 771, 20, 15, 129, 66, 264, 544, 293, 105, 337, 537, 581, 154, 172, 712, 221, 459, 441, 683, 909, 231, 240, 993, 418, 452, 912, 407, 693, 646, 723, 126, 798, 870, 888, 1023]
36
gen400_p0.9_75.clq
[177, 148, 115, 41, 294, 207, 375, 7, 214, 210, 1, 258, 389, 168, 2, 284, 75, 90, 167, 12, 93, 20, 94, 110, 87, 140, 74, 274, 293, 349, 374, 273, 286, 52, 85, 358, 157, 219, 117, 162, 201, 354, 29, 394, 282, 112]
46
brock200_2.clq
[40, 9, 31, 140, 91, 51, 114, 3, 124]
9
p_hat700-1.clq
[224, 126, 593, 95, 191, 13, 614, 575]
8
hamming8-4.clq
[0, 15, 51, 195, 86, 89, 101, 106, 149, 154, 166, 169, 60, 204, 240, 255]
16
C500.9.clq
[96, 492, 109, 403, 267, 460, 86, 185, 489, 148, 144, 102, 156, 380, 289, 193, 331, 181, 204, 266, 222, 121, 52, 136, 188, 107, 194, 356, 21, 89, 252, 32, 119, 139, 304, 363, 34, 187, 231, 414, 270, 247, 392, 325, 11, 431, 147, 428, 374, 202, 342]
51
p_hat1500-2.clq
[357, 621, 1170, 748, 513, 67, 25, 563, 989, 449, 437, 391, 877, 433, 862, 973, 1482, 561, 427, 818, 1119, 1071, 690, 768, 688, 71, 213, 916, 905, 1190, 42, 289, 825, 1264, 560, 837, 1246, 439, 72, 260, 276, 422, 737, 138, 1398, 1410, 919, 939, 614, 130, 172, 1384, 308, 605, 528, 1492, 766, 1004, 1033, 1055, 1134, 1208]
62
DSJC1000_5.clq
[427, 590, 476, 592, 702, 512, 176, 589, 481, 915, 112, 5]
12
brock400_4.clq
[356, 193, 39, 337, 375, 360, 100, 25, 21, 19, 258, 128, 213, 326, 85, 211, 208, 63, 345, 116, 249]
21
C2000.5.clq
[1515, 715, 51, 838, 1503, 824, 1963, 139, 978, 487, 1322, 1139, 390]
13
p_hat700-3.clq
[291, 114, 75, 121, 305, 392, 316, 677, 586, 386, 344, 239, 144, 86, 105, 148, 18, 53, 211, 151, 16, 347, 524, 372, 583, 324, 575, 495, 116, 578, 237, 296, 294, 360, 117, 147, 7, 128, 494, 353, 510, 325, 622, 396, 611, 561, 666, 118, 192, 407, 521, 29, 527, 242, 367, 141, 491, 238]
58
brock400_2.clq
[130, 208, 15, 204, 285, 205, 295, 322, 344, 381, 298, 129, 110, 242, 104, 384, 398, 175, 84, 89, 167, 116]
22
p_hat300-3.clq
[75, 254, 55, 74, 204, 189, 296, 218, 37, 286, 132, 164, 238, 267, 246, 48, 148, 173, 198, 39, 97, 225, 297, 78, 18, 86, 134, 23, 289, 144, 239, 210, 58, 118]
34
C250.9.clq
[124, 149, 16, 194, 85, 95, 172, 201, 188, 36, 88, 183, 99, 217, 62, 196, 81, 205, 114, 158, 197, 57, 161, 131, 9, 45, 116, 211, 133, 144, 104, 71, 182, 208, 8, 103, 130, 173, 224, 246]
40
p_hat700-2.clq
[114, 586, 75, 561, 211, 677, 607, 151, 534, 316, 53, 372, 494, 347, 294, 29, 121, 322, 291, 325, 575, 666, 117, 118, 296, 353, 260, 349, 148, 324, 512, 648, 350, 14, 105, 344, 192, 360, 583, 392, 467, 510, 580]
43
MANN_a27.clq
[36, 39, 54, 135, 28, 42, 45, 57, 144, 147, 150, 153, 162, 165, 171, 180, 183, 186, 189, 198, 201, 207, 243, 351, 354, 30, 49, 138, 174, 222, 228, 234, 258, 264, 270, 360, 33, 53, 141, 177, 297, 303, 306, 333, 339, 342, 369, 60, 156, 159, 168, 192, 195, 204, 279, 315, 357, 63, 72, 75, 90, 217, 220, 289, 292, 66, 79, 85, 211, 283, 331, 337, 69, 83, 89, 214, 262, 268, 286, 93, 226, 238, 295, 310, 96, 232, 241, 301, 313, 99, 108, 111, 126, 254, 257, 326, 329, 4, 247, 274, 322, 8, 349, 364, 319, 5, 367, 277, 376, 250, 7, 346, 373, 19, 115, 26, 102, 22, 131, 106, 23, 119, 125, 132, 120]
125
brock800_4.clq
[327, 466, 422, 261, 69, 510, 385, 165, 260, 330, 512, 199, 550, 336, 159, 671, 535, 724, 736]
19
