p_hat1500-1.clq
[102, 1415, 614, 438, 711, 1017, 263, 341, 1197, 1322]
10
keller4.clq
[47, 134, 35, 36, 137, 17, 162, 107, 114, 19]
10
C2000.9.clq
[1653, 1998, 417, 1532, 1320, 1868, 320, 361, 470, 1669, 386, 1527, 439, 867, 1139, 764, 995, 1340, 963, 747, 1695, 270, 1123, 1864, 427, 1372, 1832, 1151, 472, 1758, 41, 1682, 1739, 1845, 677, 950, 970, 1659, 743, 416, 1547, 1757, 800, 415, 1482, 393, 1307, 1564, 1051, 1326, 1768, 1423, 197, 335, 336, 603, 993, 1680, 19, 1932, 1063, 114, 145, 719, 865, 1104, 1371, 1455, 643, 21, 378, 1197]
72
C1000.9.clq
[298, 110, 854, 702, 121, 166, 389, 774, 927, 453, 734, 364, 213, 807, 361, 921, 839, 575, 958, 988, 586, 997, 519, 674, 719, 967, 765, 156, 283, 735, 741, 690, 18, 14, 70, 574, 668, 688, 749, 222, 230, 763, 607, 237, 539, 627, 146, 174, 469, 803, 105, 401, 724, 143, 344, 596, 743, 792, 870, 881, 842]
61
DSJC500_5.clq
[53, 166, 23, 325, 294, 61, 348, 231, 239, 126, 414, 186]
12
brock800_2.clq
[560, 50, 730, 382, 531, 345, 563, 661, 409, 127, 215, 468, 95, 384, 32, 102, 160, 606]
18
gen200_p0.9_44.clq
[173, 51, 49, 71, 8, 192, 172, 7, 62, 128, 44, 9, 76, 64, 174, 23, 28, 168, 120, 68, 98, 178, 198, 48, 129, 161, 73, 176, 18, 69, 38, 106, 134, 85, 1, 135, 143, 162, 4]
39
p_hat300-1.clq
[47, 108, 261, 124, 128, 20, 170]
7
keller5.clq
[529, 346, 402, 371, 561, 66, 364, 4, 479, 400, 689, 14, 508, 473, 86, 616, 136, 35, 647, 104, 515, 157, 58]
23
gen200_p0.9_55.clq
[88, 136, 13, 112, 20, 80, 68, 162, 176, 29, 61, 66, 76, 95, 11, 143, 4, 14, 77, 106, 196, 186, 5, 32, 115, 168, 35, 78, 85, 90, 116, 174, 75, 92, 128, 146, 26, 18, 81, 142, 158, 191, 87, 25, 34, 40, 63, 110, 145, 181, 198, 24, 72, 122, 163]
55
gen400_p0.9_55.clq
[25, 178, 326, 98, 105, 146, 338, 238, 366, 193, 320, 312, 160, 205, 19, 155, 108, 290, 236, 239, 306, 265, 10, 49, 17, 257, 357, 68, 9, 317, 54, 296, 60, 97, 176, 109, 84, 198, 173, 166, 215, 234, 389, 395, 18, 188, 90, 104, 107, 159, 386]
51
C125.9.clq
[66, 109, 97, 113, 98, 79, 44, 30, 95, 10, 51, 65, 53, 103, 116, 76, 69, 4, 24, 67, 18, 124, 121, 28, 43, 54, 13, 64, 48, 8, 49, 84, 102, 33]
34
gen400_p0.9_65.clq
[36, 17, 333, 129, 114, 210, 156, 136, 16, 121, 340, 288, 189, 75, 273, 282, 375, 254, 275, 314, 241, 37, 373, 18, 34, 263, 101, 123, 193, 23, 231, 8, 174, 177, 187, 222, 353, 320, 144, 10, 298, 352, 76, 358, 376, 385, 370, 73, 230]
49
C4000.5.clq
[953, 207, 3128, 3719, 1143, 339, 3351, 148, 890, 2129, 1719, 2550, 856, 3156, 676, 2480]
16
p_hat1500-3.clq
[213, 973, 837, 1001, 1341, 916, 1170, 102, 825, 427, 766, 1071, 906, 1243, 1415, 989, 768, 433, 474, 513, 561, 688, 818, 1410, 939, 357, 395, 529, 1470, 905, 536, 67, 437, 439, 690, 877, 1332, 1384, 1272, 1477, 1264, 1019, 132, 959, 178, 36, 216, 1034, 722, 621, 1463, 391, 388, 99, 1045, 1412, 1033, 862, 419, 289, 165, 919, 614, 232, 1004, 507, 1418, 1260, 976, 756, 1393, 563, 25, 72, 130, 311, 432, 443, 737, 852, 921, 1026, 1119, 554, 1166, 111, 1388, 1499, 944, 1156, 1459, 260, 1402]
93
brock200_4.clq
[188, 142, 23, 84, 118, 22, 9, 180, 154, 47, 61, 71, 89, 18, 91]
15
keller6.clq
[2388, 712, 518, 409, 1748, 13, 1846, 1822, 2012, 73, 378, 3189, 2335, 356, 384, 75, 481, 2460, 1694, 475, 624, 2701, 2605, 885, 1318, 584, 2865, 131, 838, 601, 2485, 1888, 2374, 139, 3068, 2755, 204, 1985, 1942, 3299, 2100, 2243, 790, 1293, 2111, 1062, 2429, 1853]
48
p_hat300-2.clq
[138, 37, 295, 25, 20, 39, 173, 75, 258, 74, 48, 254, 19, 3, 251, 280, 47, 55, 189, 204, 236, 289, 78, 198, 272]
25
hamming10-4.clq
[780, 567, 645, 700, 943, 30, 178, 71, 45, 294, 771, 816, 739, 554, 612, 873, 255, 113, 380, 232, 277, 315, 417, 139, 408, 537, 0, 330, 461, 467, 863, 1013, 1018, 212, 594, 718, 918, 960]
38
gen400_p0.9_75.clq
[94, 399, 10, 321, 382, 154, 176, 116, 104, 105, 142, 17, 264, 346, 120, 15, 112, 24, 144, 204, 111, 170, 340, 358, 195, 283, 313, 367, 398, 26, 59, 191, 242, 162, 100, 300, 388, 337, 47, 221, 5, 123, 229, 334, 394, 307, 66, 262, 332, 373, 380, 390, 57, 92, 103, 224, 249, 53, 98, 131, 149, 244, 386, 141, 8, 29, 49, 54, 101, 139, 156, 173, 179, 245, 344]
75
brock200_2.clq
[182, 72, 37, 169, 155, 14, 128, 193, 101, 33]
10
p_hat700-1.clq
[78, 311, 3, 24, 296, 582, 605, 592, 553]
9
hamming8-4.clq
[61, 1, 87, 50, 155, 167, 168, 205, 107, 14, 88, 194, 241, 100, 148, 254]
16
C500.9.clq
[489, 309, 326, 120, 410, 328, 477, 404, 185, 374, 86, 20, 181, 180, 414, 60, 193, 211, 222, 394, 350, 96, 136, 490, 121, 131, 389, 403, 39, 109, 202, 252, 265, 188, 293, 380, 356, 243, 248, 279, 289, 154, 462, 247, 318, 349, 45, 192, 315, 32, 339, 496, 178, 21, 62, 373, 372]
57
p_hat1500-2.clq
[433, 289, 561, 877, 239, 439, 748, 905, 989, 1266, 1415, 437, 132, 213, 1410, 0, 443, 1264, 395, 916, 646, 172, 1017, 1033, 1004, 837, 471, 939, 1055, 67, 71, 130, 165, 422, 528, 688, 766, 919, 1414, 768, 1477, 560, 42, 388, 391, 427, 449, 621, 690, 737, 818, 862, 959, 973, 1038, 1166, 1482, 30, 605, 1246, 722, 311, 1190, 1071, 1332]
65
DSJC1000_5.clq
[364, 241, 599, 127, 33, 10, 566, 56, 548, 865, 281, 455, 34, 804]
14
brock400_4.clq
[64, 309, 253, 213, 99, 53, 117, 51, 343, 246, 1, 218, 184, 74, 233, 179, 0, 6, 72, 272, 290, 392, 310, 39]
24
C2000.5.clq
[29, 140, 446, 631, 1404, 1627, 1507, 513, 639, 806, 245, 1111]
12
p_hat700-3.clq
[386, 524, 618, 86, 396, 291, 105, 144, 322, 586, 677, 14, 456, 666, 117, 118, 121, 392, 521, 589, 29, 375, 47, 147, 294, 296, 611, 372, 512, 436, 527, 104, 106, 575, 327, 237, 406, 561, 378, 558, 316, 536, 281, 78, 151, 600, 353, 53, 75, 128, 196, 238, 305, 325, 347, 367, 488, 607, 614, 412, 494]
61
brock400_2.clq
[260, 116, 376, 180, 34, 302, 271, 166, 377, 128, 30, 198, 79, 391, 142, 204, 167, 320, 265, 390, 134, 274, 215, 250]
24
p_hat300-3.clq
[218, 138, 238, 220, 48, 225, 20, 32, 75, 251, 289, 246, 175, 19, 55, 165, 272, 198, 204, 189, 97, 27, 148, 3, 39, 254, 297, 17, 298, 234, 244, 137, 296, 292, 88, 173]
36
C250.9.clq
[65, 197, 83, 189, 116, 5, 124, 182, 229, 201, 225, 104, 149, 3, 49, 133, 240, 227, 241, 159, 109, 181, 224, 162, 37, 114, 226, 143, 47, 52, 36, 96, 61, 158, 57, 186, 198, 184, 105, 199, 63, 45, 203, 220]
44
p_hat700-2.clq
[512, 296, 291, 677, 121, 14, 675, 396, 467, 586, 117, 510, 561, 611, 378, 29, 118, 607, 148, 75, 316, 344, 349, 494, 53, 105, 294, 325, 353, 635, 350, 583, 367, 372, 666, 192, 211, 322, 360, 575, 578, 580, 648, 114]
44
MANN_a27.clq
[346, 73, 145, 160, 319, 364, 27, 39, 135, 147, 162, 198, 30, 234, 57, 150, 153, 201, 217, 286, 78, 226, 238, 310, 232, 241, 301, 108, 111, 126, 257, 247, 367, 102, 132, 341, 292, 117, 123, 138, 329, 49, 169, 196, 205, 280, 316, 250, 38, 62, 266, 375, 275, 278, 183, 114, 45, 321, 259, 244, 303, 42, 98, 369, 174, 180, 223, 263, 288, 297, 92, 228, 348, 172, 87, 312, 63, 356, 324, 101, 362, 81, 166, 335, 187, 121, 141, 353, 190, 272, 71, 5, 177, 76, 22, 33, 23, 54, 7, 308, 94, 24, 16, 194, 129, 220, 106, 374, 358, 2, 26, 214, 207, 84, 158, 338, 67, 330, 342, 211, 283, 268, 294, 4, 53, 254]
126
brock800_4.clq
[437, 781, 715, 123, 527, 121, 466, 523, 551, 714, 134, 69, 400, 707, 212, 735, 125, 219]
18
