p_hat1500-1.clq
[83, 1190, 1266, 486, 877, 982, 1120, 543, 1484, 130]
10
keller4.clq
[32, 46, 37, 167, 145, 133, 149, 61, 14, 89, 71]
11
C2000.9.clq
[935, 1624, 917, 678, 1853, 1271, 1197, 1503, 416, 1204, 1988, 1688, 939, 1982, 1642, 1232, 711, 500, 1132, 1423, 794, 280, 137, 1267, 1946, 278, 1625, 1017, 614, 1162, 619, 247, 113, 1284, 645, 650, 838, 1004, 456, 664, 1891, 470, 1715, 574, 505, 171, 718, 1659, 205, 261, 1665, 1561, 439, 1564, 823, 1278, 435, 301, 1741, 783, 385, 660, 112, 1558, 1848, 675, 1656, 1506, 80, 672, 1124, 1551]
72
C1000.9.clq
[913, 305, 43, 710, 70, 613, 166, 887, 474, 981, 830, 439, 307, 258, 687, 829, 311, 63, 240, 837, 265, 646, 157, 492, 283, 22, 294, 55, 263, 23, 934, 117, 455, 444, 88, 678, 782, 119, 90, 612, 871, 655, 636, 970, 338, 432, 462, 37, 242, 568, 528, 241, 145, 608, 673, 859, 80, 96, 326, 143, 532, 430, 720]
63
DSJC500_5.clq
[364, 369, 24, 429, 276, 417, 131, 10, 219, 470, 349, 490]
12
brock800_2.clq
[636, 702, 63, 275, 567, 342, 22, 161, 473, 764, 399, 790, 243, 607, 692, 740, 202, 616, 404]
19
gen200_p0.9_44.clq
[176, 132, 128, 62, 125, 75, 148, 19, 175, 154, 15, 51, 2, 95, 179, 48, 18, 122, 69, 177, 37, 198, 141, 124, 66, 73, 149, 46, 137, 145, 85, 1, 116, 22, 23, 189, 165, 49, 192, 24]
40
p_hat300-1.clq
[279, 295, 273, 48, 53, 87, 243, 152]
8
keller5.clq
[675, 647, 652, 741, 765, 303, 737, 33, 147, 294, 503, 658, 391, 681, 355, 0, 191, 346, 180, 341, 66, 758, 273, 266, 185]
25
gen200_p0.9_55.clq
[76, 72, 34, 29, 116, 35, 198, 20, 176, 14, 143, 68, 122, 13, 128, 11, 145, 106, 168, 75, 146, 66, 186, 26, 88, 158, 24, 81, 163, 191, 4, 174, 95, 40, 61, 5, 80, 112, 32, 142, 90, 196, 87, 136, 25, 92, 85, 78, 63, 110, 115, 18, 181, 77, 162]
55
gen400_p0.9_55.clq
[198, 215, 160, 17, 155, 238, 125, 357, 263, 60, 188, 265, 239, 9, 180, 187, 312, 326, 257, 108, 178, 36, 19, 176, 363, 245, 386, 159, 97, 65, 193, 338, 25, 98, 166, 104, 68, 84, 270, 18, 146, 395, 236, 366, 364, 90, 340, 322, 209, 295, 268]
51
C125.9.clq
[6, 116, 33, 109, 10, 28, 43, 79, 92, 48, 78, 67, 8, 113, 110, 102, 54, 124, 84, 24, 51, 18, 103, 95, 98, 65, 97, 120, 76, 90, 66, 121, 4, 69]
34
gen400_p0.9_65.clq
[27, 233, 362, 282, 217, 118, 108, 393, 394, 46, 289, 47, 227, 115, 165, 366, 338, 350, 170, 24, 257, 144, 49, 239, 184, 4, 286, 160, 273, 50, 382, 19, 137, 246, 157, 181, 259, 13, 374, 52, 175, 342, 340, 234, 380, 8, 35, 315, 197, 180, 333, 329, 68, 358, 209, 167, 243, 177, 252, 187, 162, 57, 38, 205, 378]
65
C4000.5.clq
[3433, 3248, 390, 991, 725, 2632, 2395, 1849, 3404, 2577, 1448, 3261, 2399, 1503, 292]
15
p_hat1500-3.clq
[443, 1470, 111, 513, 437, 102, 433, 1272, 1410, 427, 1477, 216, 507, 213, 1170, 439, 1045, 973, 837, 132, 1384, 1459, 391, 561, 529, 690, 260, 1341, 921, 474, 1338, 554, 1415, 395, 308, 852, 1499, 432, 1119, 818, 311, 621, 722, 1071, 1026, 81, 178, 1001, 1156, 959, 1243, 825, 766, 862, 916, 67, 1166, 130, 536, 1019, 1402, 25, 906, 1484, 688, 1264, 989, 99, 768, 357, 1033, 944, 614, 275, 563, 1260, 1004, 976, 1463, 1266, 737, 1418, 905, 1388, 388, 579, 273, 10, 165, 598, 419, 36, 877, 1393]
94
brock200_4.clq
[188, 61, 5, 39, 22, 25, 94, 52, 91, 71, 182, 119, 58, 9, 23, 84]
16
keller6.clq
[920, 435, 208, 1258, 1202, 1864, 1548, 1455, 2946, 1113, 397, 1170, 2990, 1146, 1294, 825, 3018, 3149, 3117, 2154, 2665, 3321, 645, 1488, 1331, 2379, 632, 278, 3311, 29, 1572, 187, 2038, 1972, 1616, 3222, 2592, 2789, 44, 2886, 3276, 1926, 3334, 2893, 2829, 3331, 1090, 1638, 1510, 1022, 906, 1528, 923, 850]
54
p_hat300-2.clq
[189, 48, 55, 272, 148, 173, 75, 198, 204, 20, 251, 3, 289, 254, 295, 88, 292, 158, 47, 280, 37, 138, 39, 236, 258]
25
hamming10-4.clq
[18, 43, 634, 688, 667, 771, 435, 567, 36, 92, 365, 113, 277, 525, 347, 725, 71, 189, 318, 399, 825, 924, 884, 739, 246, 933, 1023, 938, 748, 646, 846, 576, 354, 978, 129, 264, 202, 452, 504, 969]
40
gen400_p0.9_75.clq
[399, 221, 144, 380, 5, 100, 112, 334, 262, 313, 224, 24, 170, 390, 382, 321, 49, 142, 162, 245, 139, 15, 94, 264, 17, 29, 47, 307, 101, 191, 26, 103, 154, 8, 141, 344, 242, 59, 173, 398, 111, 10, 105, 340, 283, 367, 332, 179, 386, 53, 98, 149, 131, 66, 358, 346, 120, 195, 229, 156, 244, 373, 176, 388, 92, 300, 394, 116, 104, 249, 337, 54, 57, 123, 204]
75
brock200_2.clq
[56, 130, 121, 24, 109, 150, 102, 83, 13, 77]
10
p_hat700-1.clq
[677, 527, 116, 558, 401, 333, 512, 396, 115, 685]
10
hamming8-4.clq
[119, 225, 77, 57, 175, 219, 252, 149, 178, 106, 80, 136, 30, 198, 3, 36]
16
C500.9.clq
[477, 93, 249, 109, 197, 4, 175, 373, 7, 150, 435, 292, 340, 173, 178, 271, 248, 294, 498, 136, 241, 140, 279, 117, 73, 166, 108, 192, 382, 307, 256, 115, 430, 443, 104, 114, 63, 422, 304, 229, 436, 50, 122, 48, 265, 146, 326, 368, 129, 309, 106, 55, 97, 62, 71]
55
p_hat1500-2.clq
[862, 1264, 449, 989, 528, 130, 1410, 1246, 561, 1190, 260, 621, 513, 67, 437, 213, 422, 443, 973, 905, 688, 1144, 837, 1004, 439, 1266, 0, 1038, 1415, 605, 722, 276, 1332, 916, 1482, 427, 1071, 1068, 132, 877, 1055, 388, 1414, 959, 1033, 919, 1384, 1477, 939, 30, 289, 560, 818, 172, 563, 748, 391, 766, 165, 737, 402, 395, 1458, 71, 690]
65
DSJC1000_5.clq
[832, 266, 750, 60, 26, 644, 451, 817, 373, 580, 68, 325, 573, 159]
14
brock400_4.clq
[96, 73, 309, 39, 313, 0, 246, 253, 237, 186, 244, 340, 164, 334, 93, 197, 288, 294, 117, 6, 320, 318, 14, 255]
24
C2000.5.clq
[339, 696, 750, 1094, 447, 1511, 255, 1142, 311, 556, 1732, 683, 465, 1979]
14
p_hat700-3.clq
[144, 436, 86, 14, 327, 347, 128, 75, 121, 372, 614, 583, 53, 467, 618, 657, 589, 296, 586, 520, 105, 325, 396, 524, 95, 8, 593, 305, 151, 381, 47, 211, 622, 118, 666, 349, 378, 575, 638, 607, 104, 117, 192, 367, 386, 106, 148, 316, 456, 611, 18, 392, 24, 294, 494, 421, 147, 406, 291, 521, 281, 561]
62
brock400_2.clq
[372, 180, 122, 218, 383, 278, 396, 28, 260, 222, 173, 10, 166, 84, 348, 235, 248, 334, 145, 243, 275, 164, 191, 34]
24
p_hat300-3.clq
[238, 3, 55, 204, 32, 20, 218, 251, 148, 289, 173, 189, 220, 298, 198, 97, 292, 234, 225, 18, 175, 272, 296, 88, 48, 39, 297, 244, 165, 138, 19, 246, 75, 137, 254, 17]
36
C250.9.clq
[182, 104, 143, 68, 29, 49, 105, 63, 201, 47, 114, 162, 159, 52, 137, 133, 227, 231, 65, 158, 96, 226, 97, 5, 72, 61, 3, 151, 83, 176, 229, 225, 249, 37, 241, 197, 181, 57, 199, 89, 36, 240, 116, 220]
44
p_hat700-2.clq
[607, 648, 105, 114, 322, 675, 344, 512, 392, 575, 611, 510, 118, 580, 350, 677, 291, 666, 121, 75, 494, 296, 353, 583, 578, 586, 148, 396, 53, 467, 211, 561, 635, 14, 657, 294, 324, 372, 349, 192, 360, 325, 117, 316]
44
MANN_a27.clq
[208, 357, 59, 268, 4, 1, 212, 86, 233, 11, 63, 356, 239, 135, 10, 32, 224, 362, 44, 230, 100, 3, 265, 20, 349, 51, 115, 282, 324, 77, 279, 286, 106, 34, 188, 274, 372, 148, 183, 61, 315, 195, 242, 214, 54, 179, 27, 299, 142, 191, 327, 236, 251, 169, 351, 225, 103, 311, 312, 155, 368, 122, 248, 332, 140, 159, 131, 167, 217, 276, 36, 370, 128, 156, 46, 90, 321, 377, 203, 112, 50, 307, 176, 305, 6, 17, 97, 260, 110, 271, 173, 288, 256, 343, 79, 261, 125, 219, 296, 193, 334, 119, 70, 144, 291, 336, 162, 151, 39, 82, 133, 198, 302, 206, 254, 245, 13, 68, 72, 347, 89, 365, 320, 95, 180]
125
brock800_4.clq
[148, 439, 617, 30, 110, 685, 234, 321, 667, 68, 545, 626, 635, 207, 235, 273, 144, 330, 711, 659]
20
