p_hat1500-1.clq
[357, 433, 818, 711, 888, 1341, 1017, 153, 270, 1398, 371]
11
keller4.clq
[0, 7, 21, 12, 91, 77, 40, 82, 115, 113, 51]
11
C2000.9.clq
[1423, 19, 597, 1653, 1022, 350, 427, 521, 479, 944, 203, 772, 1054, 925, 1196, 59, 60, 997, 150, 1110, 1972, 1099, 1258, 157, 1006, 1905, 1903, 1698, 1071, 853, 1832, 563, 1599, 1898, 730, 1504, 433, 938, 551, 1385, 1742, 719, 77, 102, 1750, 827, 1674, 770, 759, 1572, 1631, 1885, 456, 1331, 1805, 1123, 1622, 623, 1797, 1522, 243, 528, 1360, 68, 1138, 1840, 367, 581, 1448, 1594, 301, 4]
72
C1000.9.clq
[627, 62, 72, 749, 577, 734, 218, 655, 998, 99, 298, 880, 16, 283, 787, 78, 190, 812, 513, 212, 309, 391, 189, 45, 789, 578, 581, 736, 715, 612, 148, 788, 628, 629, 435, 292, 278, 516, 262, 687, 990, 329, 67, 792, 735, 338, 808, 892, 326, 381, 256, 861, 247, 929, 754, 756, 191, 215, 941, 288, 427, 864, 185]
63
DSJC500_5.clq
[200, 13, 53, 49, 323, 94, 495, 225, 272, 215, 33]
11
brock800_2.clq
[346, 678, 13, 352, 772, 358, 701, 748, 760, 19, 333, 407, 137, 706, 484, 297, 251, 747, 750]
19
gen200_p0.9_44.clq
[1, 85, 26, 48, 49, 22, 198, 132, 177, 173, 74, 51, 87, 18, 69, 38, 144, 90, 78, 27, 140, 43, 4, 76, 44, 46, 64, 174, 23, 94, 147, 68, 52, 105, 164, 184, 120, 162, 190]
39
p_hat300-1.clq
[267, 189, 3, 132, 187, 114, 194]
7
keller5.clq
[0, 7, 21, 12, 91, 77, 82, 40, 115, 113, 51, 425, 436, 460, 467, 326, 540, 394, 554, 547, 561, 529, 203]
23
gen200_p0.9_55.clq
[88, 109, 120, 57, 158, 108, 0, 44, 132, 17, 12, 180, 18, 91, 104, 11, 38, 102, 136, 46, 113, 51, 53, 56, 76, 95, 131, 96, 43, 163, 105, 55, 114, 61, 159, 167, 19, 58, 68]
39
gen400_p0.9_55.clq
[17, 28, 19, 268, 97, 295, 73, 72, 339, 23, 390, 226, 49, 80, 26, 6, 15, 69, 259, 159, 286, 383, 95, 333, 183, 209, 325, 362, 272, 250, 188, 270, 257, 263, 117, 364, 283, 346, 132, 36, 351, 146, 155, 176, 163, 312, 143, 265, 57, 349]
50
C125.9.clq
[53, 44, 113, 103, 6, 79, 28, 59, 7, 122, 51, 10, 8, 116, 33, 81, 78, 24, 84, 21, 26, 102, 48, 95, 32, 66, 19, 42, 67, 12, 89, 94, 55]
33
gen400_p0.9_65.clq
[288, 341, 142, 81, 112, 199, 56, 172, 156, 166, 121, 254, 17, 211, 311, 212, 176, 240, 177, 209, 299, 48, 96, 188, 7, 349, 220, 43, 274, 146, 377, 350, 138, 160, 343, 373, 8, 27, 303, 287, 222, 369, 277, 162, 383]
45
C4000.5.clq
[3184, 2414, 2572, 3890, 648, 779, 1129, 3981, 711, 346, 413, 2397, 729, 1145, 1411]
15
p_hat1500-3.clq
[737, 621, 818, 989, 688, 1001, 1272, 474, 388, 1166, 927, 1071, 25, 1033, 520, 825, 1246, 72, 877, 439, 1026, 1264, 536, 1045, 916, 690, 437, 10, 443, 921, 1019, 432, 1266, 172, 1410, 99, 817, 1004, 1332, 614, 766, 939, 402, 561, 433, 102, 216, 1119, 213, 507, 598, 962, 919, 1470, 513, 1144, 905, 1388, 1375, 419, 944, 130, 852, 1477, 844, 1384, 155, 1243, 906, 1459, 427, 1156, 391, 165, 260, 1402, 543, 1038, 1322, 802, 1492, 563, 395, 579, 722, 30, 781, 837, 1463, 311, 1170]
91
brock200_4.clq
[61, 89, 72, 55, 90, 32, 187, 57, 5, 40, 65, 64, 134, 154, 180]
15
keller6.clq
[0, 7, 21, 12, 77, 82, 40, 115, 113, 51, 425, 467, 529, 203, 561, 579, 537, 543, 570, 326, 1867, 2023, 1892, 1929, 2420, 1638, 2438, 2549, 2518, 2033, 1991, 3341, 2461, 3218, 2009, 1872, 2452, 123, 3012, 434, 2492, 1839, 458, 1695, 1901, 745, 2001, 2348, 1983, 2430, 2334]
51
p_hat300-2.clq
[55, 258, 48, 254, 204, 189, 75, 47, 138, 37, 173, 236, 43, 251, 3, 74, 158, 88, 78, 39, 295, 289, 20, 198, 272]
25
hamming10-4.clq
[0, 15, 51, 195, 771, 85, 278, 663, 389, 166, 359, 549, 582, 60, 106, 814, 297, 447, 237, 639, 683, 347, 153, 538, 222, 394, 652, 332, 585, 797, 975, 240, 816, 960, 1011, 1020]
36
gen400_p0.9_75.clq
[339, 294, 258, 210, 372, 223, 167, 168, 224, 273, 232, 87, 110, 329, 387, 146, 257, 390, 219, 14, 205, 38, 321, 66, 366, 374, 24, 115, 12, 90, 76, 169, 221, 111, 162, 59, 131, 29, 276, 389, 7, 288, 88, 137, 25, 308, 230, 154, 293]
49
brock200_2.clq
[69, 40, 9, 31, 140, 91, 3, 114, 124]
9
p_hat700-1.clq
[189, 455, 349, 147, 494, 116, 357, 253, 238]
9
hamming8-4.clq
[0, 15, 51, 195, 85, 90, 102, 105, 150, 153, 165, 170, 60, 204, 240, 255]
16
C500.9.clq
[96, 492, 4, 109, 403, 489, 410, 294, 309, 148, 404, 441, 450, 193, 289, 337, 385, 363, 126, 52, 39, 264, 203, 132, 351, 429, 304, 475, 258, 131, 119, 225, 267, 144, 117, 192, 47, 339, 68, 209, 211, 424, 290, 72, 202, 480, 152, 449, 229, 101, 93, 159, 124, 51]
54
p_hat1500-2.clq
[357, 621, 748, 513, 67, 414, 25, 768, 563, 989, 449, 690, 437, 391, 172, 825, 1264, 973, 433, 561, 1482, 688, 474, 862, 916, 213, 422, 939, 42, 1166, 289, 818, 919, 1384, 1004, 560, 71, 72, 905, 554, 1033, 528, 1332, 1071, 427, 1410, 837, 1038, 1414, 130, 737, 1190, 471, 439, 1246, 0, 605, 722, 1266, 1415, 959, 443, 1068, 1272]
64
DSJC1000_5.clq
[915, 746, 427, 590, 112, 620, 56, 39, 23, 271, 470, 741, 467]
13
brock400_4.clq
[356, 283, 180, 241, 378, 27, 339, 78, 268, 338, 368, 158, 17, 267, 229, 292, 178, 294, 52, 101, 326, 99, 398]
23
C2000.5.clq
[544, 604, 1515, 1421, 445, 715, 350, 1381, 572, 208, 893, 1041, 1742]
13
p_hat700-3.clq
[291, 114, 75, 121, 305, 392, 316, 349, 677, 586, 386, 344, 239, 144, 86, 105, 148, 211, 289, 324, 524, 578, 635, 611, 128, 561, 117, 521, 247, 53, 118, 347, 666, 607, 378, 267, 141, 192, 29, 147, 131, 510, 189, 78, 284, 322, 294, 494, 660, 7, 637, 622, 372, 325, 95, 238, 367, 467, 648, 24]
60
brock400_2.clq
[130, 208, 15, 381, 298, 204, 285, 322, 97, 128, 110, 175, 114, 271, 116, 31, 167, 104, 89, 176, 260, 84]
22
p_hat300-3.clq
[75, 254, 55, 152, 204, 189, 296, 272, 132, 238, 298, 39, 48, 239, 289, 297, 23, 118, 37, 148, 164, 198, 78, 3, 97, 29, 221, 173, 230, 259, 267, 93, 292, 34]
34
C250.9.clq
[124, 149, 16, 194, 52, 150, 5, 43, 21, 40, 173, 34, 75, 101, 7, 49, 57, 96, 71, 104, 85, 116, 195, 62, 135, 188, 190, 25, 60, 83, 120, 113, 130, 141, 12, 30, 220, 84, 105, 121, 203, 23]
42
p_hat700-2.clq
[75, 561, 211, 677, 607, 322, 53, 316, 29, 294, 121, 325, 105, 192, 648, 666, 350, 291, 349, 512, 344, 148, 14, 117, 296, 575, 583, 360, 353, 510, 114, 118, 467, 494, 392, 396, 372, 586, 324, 611, 578, 580, 635, 675]
44
MANN_a27.clq
[27, 36, 39, 54, 135, 144, 147, 162, 171, 180, 183, 198, 351, 30, 43, 49, 138, 174, 222, 228, 234, 258, 264, 270, 360, 33, 47, 53, 141, 177, 297, 303, 306, 333, 339, 342, 369, 57, 150, 153, 165, 186, 189, 201, 207, 243, 354, 60, 156, 159, 168, 192, 195, 204, 279, 315, 357, 63, 72, 75, 90, 217, 220, 289, 292, 66, 79, 85, 211, 283, 331, 337, 69, 83, 89, 214, 262, 268, 286, 93, 226, 238, 295, 310, 96, 232, 241, 301, 313, 99, 108, 111, 126, 254, 257, 326, 329, 4, 247, 274, 322, 8, 349, 364, 319, 5, 367, 277, 376, 250, 7, 346, 373, 19, 115, 26, 102, 22, 131, 106, 23, 119, 125, 132, 120]
125
brock800_4.clq
[512, 327, 330, 228, 530, 23, 309, 202, 123, 199, 402, 701, 422, 117, 387, 351, 306, 460, 115, 277]
20
