p_hat1500-1.clq
[737, 1418, 289, 950, 484, 808, 72, 270, 1087, 939, 164]
11
keller4.clq
[15, 85, 99, 24, 163, 4, 42, 90, 119, 28, 125]
11
C2000.9.clq
[1049, 1654, 630, 907, 1153, 1088, 760, 341, 251, 1790, 851, 1658, 1005, 759, 219, 1029, 439, 1832, 1034, 747, 1159, 490, 1511, 1196, 415, 96, 1878, 1395, 485, 1442, 225, 603, 1123, 970, 1001, 1729, 1873, 1081, 1277, 1278, 663, 726, 1712, 1970, 1883, 1624, 486, 574, 1593, 1525, 1452, 1025, 1682, 1041, 923, 1227, 834, 246, 1344, 879, 745, 670, 15, 423, 353, 1482, 991, 339]
68
C1000.9.clq
[742, 441, 235, 465, 114, 128, 292, 135, 224, 860, 797, 196, 548, 800, 957, 251, 436, 617, 373, 914, 745, 237, 49, 387, 309, 941, 55, 852, 496, 246, 470, 167, 626, 433, 117, 562, 131, 482, 790, 353, 584, 319, 989, 298, 666, 86, 214, 930, 977, 590, 29, 489, 382, 721, 746, 330, 711, 592, 623, 285, 922, 981]
62
DSJC500_5.clq
[207, 280, 171, 300, 337, 189, 434, 254, 222, 353, 161, 4]
12
brock800_2.clq
[211, 372, 0, 264, 692, 194, 186, 593, 636, 539, 590, 322, 505, 509, 640, 208, 790, 483, 767]
19
gen200_p0.9_44.clq
[92, 37, 185, 83, 33, 140, 137, 57, 148, 116, 64, 128, 155, 99, 71, 45, 101, 194, 169, 96, 107, 28, 150, 126, 179, 119, 149, 12, 93, 29, 118, 104, 98, 66, 131, 81, 80, 189, 41, 74, 19, 192, 39]
43
p_hat300-1.clq
[244, 20, 269, 295, 95, 290, 11]
7
keller5.clq
[537, 61, 412, 414, 34, 333, 1, 80, 484, 546, 739, 189, 335, 237, 176, 766, 438, 339, 82, 228, 620, 713, 509, 618, 122, 636, 722]
27
gen200_p0.9_55.clq
[112, 4, 145, 116, 163, 76, 174, 88, 75, 80, 72, 29, 146, 24, 20, 95, 40, 34, 87, 196, 11, 68, 122, 35, 66, 32, 191, 158, 26, 94, 92, 18, 78, 61, 143, 181, 13, 14, 106, 198, 186, 85, 128, 197, 110, 5, 63, 81, 25, 90, 77, 176, 142, 115, 162]
55
gen400_p0.9_55.clq
[104, 140, 259, 57, 173, 296, 97, 23, 17, 398, 351, 306, 244, 286, 61, 239, 28, 248, 1, 107, 236, 254, 257, 159, 321, 95, 338, 216, 200, 73, 298, 183, 149, 261, 228, 19, 36, 84, 340, 2, 143, 58, 60, 80, 371, 75, 377, 177, 160]
49
C125.9.clq
[109, 1, 17, 100, 0, 43, 124, 18, 84, 48, 121, 116, 114, 53, 33, 28, 10, 78, 47, 76, 69, 122, 70, 6, 113, 120, 30, 24, 79, 44, 46, 16, 8, 4]
34
gen400_p0.9_65.clq
[128, 254, 347, 333, 288, 350, 121, 174, 49, 176, 365, 356, 129, 334, 225, 46, 336, 61, 124, 166, 152, 222, 341, 158, 376, 314, 160, 55, 68, 238, 382, 279, 131, 103, 169, 396, 223, 6, 99, 269, 12, 349, 27, 196, 59, 332, 0, 273, 142]
49
C4000.5.clq
[3171, 1285, 752, 1894, 3469, 2635, 1954, 8, 3525, 1330, 3117, 3979, 1574, 1717, 1472]
15
p_hat1500-3.clq
[877, 513, 1071, 1243, 989, 443, 825, 422, 614, 1170, 419, 357, 916, 837, 437, 427, 308, 289, 448, 10, 439, 1332, 507, 536, 1470, 1119, 1412, 1038, 862, 543, 311, 737, 688, 1190, 1005, 132, 178, 432, 528, 561, 1384, 748, 1477, 155, 1272, 554, 1398, 1459, 1166, 42, 260, 766, 111, 657, 167, 130, 977, 296, 72, 939, 959, 1156, 71, 973, 1448, 1001, 888, 1329, 25, 764, 1172, 1260, 164, 1109, 921, 1162, 987, 1499, 433, 275, 270, 563, 255, 976, 1088, 605, 768, 529, 213, 67, 474]
91
brock200_4.clq
[40, 137, 56, 180, 2, 90, 72, 85, 5, 79, 117, 134, 161, 182, 93]
15
keller6.clq
[1443, 2664, 1941, 2206, 1983, 817, 1520, 1136, 1852, 2552, 1540, 975, 767, 2268, 2720, 1884, 36, 3251, 3192, 3298, 3217, 753, 185, 287, 482, 353, 294, 201, 230, 156, 1959, 2789, 1828, 2768, 958, 2561, 1863, 1076, 263, 1985, 656, 919, 3262, 1426, 2952, 675, 2516, 2440, 2400, 1445]
50
p_hat300-2.clq
[55, 74, 48, 47, 148, 138, 75, 295, 254, 258, 37, 272, 39, 198, 289, 158, 204, 173, 25, 20, 236, 164, 280, 189, 3]
25
hamming10-4.clq
[678, 555, 731, 496, 817, 421, 179, 319, 641, 911, 409, 460, 744, 954, 296, 13, 535, 626, 52, 536, 121, 701, 613, 64, 138, 772, 724, 358, 590, 892, 254, 199, 341, 1015, 962, 491, 841, 406, 346, 259]
40
gen400_p0.9_75.clq
[66, 54, 244, 131, 98, 141, 332, 221, 49, 380, 149, 47, 334, 204, 249, 142, 191, 94, 367, 337, 224, 307, 179, 105, 24, 92, 283, 173, 388, 300, 154, 59, 386, 57, 398, 15, 382, 103, 101, 170, 245, 8, 144, 100, 162, 116, 313, 399, 373, 346, 394, 242, 390, 229, 120, 358, 340, 321, 112, 344, 139, 111, 26, 104, 10, 156, 17, 262, 195, 264, 176, 53, 123, 5, 29]
75
brock200_2.clq
[84, 101, 182, 83, 29, 162, 117, 175, 35, 199, 149]
11
p_hat700-1.clq
[675, 583, 370, 30, 580, 653, 251, 510, 490]
9
hamming8-4.clq
[114, 187, 160, 238, 105, 245, 68, 60, 95, 141, 216, 150, 17, 195, 10, 39]
16
C500.9.clq
[206, 366, 267, 93, 295, 406, 217, 47, 119, 222, 390, 185, 81, 304, 376, 291, 163, 382, 318, 186, 498, 395, 279, 193, 246, 392, 312, 440, 192, 138, 198, 375, 187, 243, 377, 250, 123, 301, 7, 389, 195, 356, 425, 115, 233, 204, 61, 422, 45, 181, 388, 261, 479, 107]
54
p_hat1500-2.clq
[1415, 1332, 905, 172, 561, 748, 621, 25, 939, 862, 130, 837, 216, 276, 989, 0, 1482, 427, 67, 220, 1001, 71, 825, 260, 690, 818, 1033, 289, 437, 605, 239, 311, 973, 439, 1492, 688, 422, 1246, 402, 1414, 1144, 916, 1071, 528, 560, 1264, 391, 1296, 72, 1170, 1433, 919, 1458, 921, 722, 1410, 670, 1384, 474, 357, 414, 683, 1134]
63
DSJC1000_5.clq
[718, 516, 149, 683, 601, 285, 136, 261, 806, 345, 328, 699, 538]
13
brock400_4.clq
[309, 112, 179, 263, 143, 181, 165, 64, 90, 35, 291, 287, 302, 51, 355, 387, 171, 241, 50, 336, 346, 329, 75]
23
C2000.5.clq
[1094, 1979, 1834, 865, 1843, 92, 316, 871, 1986, 508, 1175, 309, 1736, 1698]
14
p_hat700-3.clq
[607, 520, 75, 648, 586, 583, 121, 144, 148, 192, 294, 347, 622, 367, 386, 296, 372, 396, 316, 325, 677, 573, 324, 381, 524, 521, 151, 14, 16, 211, 305, 117, 95, 188, 453, 666, 105, 494, 128, 118, 575, 611, 578, 561, 51, 322, 24, 436, 618, 53, 456, 353, 291, 467, 392, 86, 360, 614, 242, 349, 106]
61
brock400_2.clq
[291, 217, 135, 369, 120, 248, 148, 79, 60, 260, 18, 156, 130, 69, 175, 170, 66, 338, 350, 68, 154, 218, 354]
23
p_hat300-3.clq
[289, 225, 234, 148, 48, 39, 220, 55, 75, 251, 189, 17, 297, 298, 173, 19, 88, 246, 254, 244, 218, 27, 47, 97, 137, 272, 238, 198, 175, 204, 138, 165, 20, 292, 32, 3]
36
C250.9.clq
[198, 118, 210, 8, 208, 107, 11, 182, 191, 101, 63, 220, 40, 149, 217, 143, 66, 21, 19, 128, 84, 135, 140, 194, 125, 90, 239, 227, 213, 75, 24, 34, 83, 5, 150, 120, 214, 124, 98, 16, 43]
41
p_hat700-2.clq
[349, 29, 117, 53, 14, 392, 291, 561, 105, 666, 192, 316, 75, 677, 147, 148, 607, 296, 121, 575, 611, 118, 648, 294, 396, 583, 360, 578, 353, 386, 344, 325, 512, 322, 211, 324, 675, 350, 114, 510, 467, 635, 580]
43
MANN_a27.clq
[6, 24, 299, 25, 341, 372, 59, 91, 278, 217, 169, 117, 178, 195, 137, 294, 334, 156, 370, 36, 286, 52, 55, 98, 204, 257, 237, 235, 114, 375, 288, 225, 95, 126, 272, 307, 107, 148, 154, 35, 174, 146, 212, 249, 30, 120, 21, 309, 253, 356, 83, 258, 343, 338, 232, 321, 365, 247, 345, 229, 130, 142, 166, 89, 65, 193, 67, 284, 224, 50, 10, 80, 263, 199, 348, 361, 220, 213, 190, 318, 244, 72, 75, 292, 160, 274, 279, 331, 315, 112, 265, 325, 140, 267, 162, 43, 40, 46, 124, 314, 351, 187, 104, 151, 180, 84, 110, 366, 202, 71, 300, 62, 185, 172, 208, 132, 101, 304, 359, 240, 329, 1, 29]
123
brock800_4.clq
[216, 700, 276, 59, 91, 145, 754, 529, 421, 733, 324, 536, 284, 241, 731, 481, 583, 292]
18
