p_hat1500-1.clq
[371, 1459, 714, 357, 1149, 1474, 1395, 1402, 1466, 1451, 1124]
11
keller4.clq
[131, 139, 12, 43, 30, 163, 69, 144, 51, 87, 73]
11
C2000.9.clq
[613, 222, 995, 238, 867, 1975, 627, 784, 343, 572, 1533, 1308, 1913, 1139, 409, 1267, 1007, 363, 286, 677, 311, 809, 594, 108, 1800, 1619, 95, 68, 168, 517, 1769, 904, 1395, 865, 1025, 233, 1997, 842, 104, 416, 1413, 695, 1319, 1369, 1044, 1723, 1696, 129, 542, 1600, 288, 1868, 109, 743, 1230, 30, 1923, 1344, 103, 1143, 725, 1552, 1722, 172, 1598, 626, 470, 1063, 1233, 1269, 1933, 1441, 110]
73
C1000.9.clq
[796, 679, 441, 418, 116, 905, 70, 49, 373, 401, 263, 887, 643, 286, 565, 720, 621, 161, 770, 300, 137, 722, 22, 135, 697, 165, 688, 662, 237, 85, 11, 23, 330, 726, 904, 423, 126, 593, 764, 470, 443, 595, 31, 668, 146, 525, 768, 213, 108, 128, 919, 728, 771, 467, 541, 6, 302, 77, 740, 405, 495, 607, 618, 234, 694]
65
DSJC500_5.clq
[344, 38, 113, 472, 392, 202, 373, 413, 0, 385, 350, 303, 223]
13
brock800_2.clq
[382, 322, 146, 296, 509, 677, 598, 226, 35, 740, 364, 725, 710, 194, 690, 654, 333, 384, 659, 285]
20
gen200_p0.9_44.clq
[165, 122, 116, 46, 126, 118, 19, 155, 179, 12, 45, 140, 39, 189, 192, 37, 137, 83, 66, 149, 150, 64, 33, 128, 74, 119, 148, 81, 145, 99, 107, 92, 185, 169, 71, 28, 96, 101, 80, 1, 194, 104, 131, 93]
44
p_hat300-1.clq
[239, 37, 249, 158, 218, 267, 207, 78]
8
keller5.clq
[274, 357, 355, 701, 383, 734, 723, 171, 397, 703, 300, 267, 90, 709, 530, 294, 167, 8, 638, 3, 390, 12, 630, 18, 237, 557, 260]
27
gen200_p0.9_55.clq
[66, 90, 142, 14, 85, 32, 115, 5, 18, 196, 95, 77, 186, 162, 112, 88, 174, 11, 92, 80, 146, 13, 191, 176, 61, 143, 75, 35, 81, 158, 68, 78, 128, 20, 29, 110, 25, 145, 26, 106, 63, 34, 181, 116, 76, 4, 40, 87, 94, 197, 72, 163, 122, 24, 198]
55
gen400_p0.9_55.clq
[211, 21, 265, 273, 278, 247, 393, 296, 209, 398, 219, 23, 397, 335, 0, 81, 30, 26, 162, 282, 280, 362, 324, 79, 98, 246, 163, 18, 351, 116, 242, 55, 304, 343, 276, 148, 190, 119, 84, 345, 38, 61, 341, 53, 227, 185, 115, 106, 136, 221, 99, 93, 121, 48, 36]
55
C125.9.clq
[109, 39, 17, 18, 69, 47, 67, 97, 78, 115, 10, 121, 114, 0, 44, 76, 1, 113, 24, 124, 33, 120, 100, 46, 90, 43, 4, 48, 91, 30, 28, 116, 6, 70]
34
gen400_p0.9_65.clq
[144, 35, 13, 350, 57, 243, 374, 52, 246, 394, 340, 157, 393, 19, 46, 273, 38, 47, 209, 170, 175, 118, 167, 160, 382, 177, 187, 115, 342, 233, 362, 108, 181, 234, 165, 259, 282, 257, 137, 4, 162, 217, 197, 329, 68, 358, 289, 380, 8, 315, 333, 338, 50, 252, 49, 239, 227, 24, 366, 378, 205, 180, 27, 286, 184]
65
C4000.5.clq
[1492, 1190, 2597, 1812, 1150, 2750, 1714, 2411, 832, 1729, 3533, 2266, 2161, 353, 142, 1551, 3540]
17
p_hat1500-3.clq
[391, 402, 1071, 766, 1243, 1459, 973, 722, 443, 825, 432, 427, 433, 1119, 437, 536, 916, 1415, 1026, 513, 554, 92, 621, 1033, 130, 818, 877, 289, 989, 25, 178, 311, 1341, 688, 474, 1388, 690, 1166, 1264, 216, 1004, 1144, 1001, 959, 132, 357, 507, 1463, 260, 439, 1156, 165, 905, 388, 1045, 837, 563, 67, 1170, 111, 36, 1384, 862, 395, 213, 1338, 1484, 1393, 906, 99, 1418, 1019, 1402, 921, 561, 102, 1272, 852, 1477, 944, 148, 1470, 81, 1410, 1499, 308, 1034, 1412, 10, 919, 273, 419, 1260, 976]
94
brock200_4.clq
[78, 53, 191, 64, 116, 37, 126, 27, 18, 11, 138, 185, 92, 70, 164, 28, 160]
17
p_hat300-2.clq
[148, 204, 258, 75, 47, 295, 138, 158, 48, 3, 173, 55, 189, 37, 20, 254, 236, 74, 39, 280, 25, 164, 273, 198, 272]
25
hamming10-4.clq
[215, 1018, 384, 486, 980, 178, 338, 10, 780, 951, 172, 497, 645, 869, 559, 235, 963, 937, 765, 627, 785, 29, 308, 126, 360, 216, 568, 736, 863, 461, 802, 263, 585, 33, 315, 667, 414, 68, 534, 718]
40
gen400_p0.9_75.clq
[388, 300, 244, 8, 195, 229, 105, 373, 390, 173, 149, 139, 24, 399, 29, 249, 116, 54, 111, 283, 142, 179, 382, 245, 313, 394, 15, 120, 204, 47, 57, 334, 101, 103, 92, 156, 26, 59, 332, 100, 162, 104, 398, 380, 242, 346, 94, 112, 262, 224, 98, 337, 344, 321, 10, 340, 66, 154, 123, 191, 131, 358, 5, 141, 221, 53, 386, 176, 264, 307, 170, 17, 367, 144, 49]
75
brock200_2.clq
[120, 157, 144, 119, 26, 182, 148, 134, 69, 54, 104, 47]
12
p_hat700-1.clq
[333, 305, 458, 396, 150, 685, 536, 253, 558, 512, 116]
11
hamming8-4.clq
[53, 249, 141, 92, 27, 6, 144, 65, 190, 40, 114, 202, 215, 228, 111, 163]
16
C500.9.clq
[489, 358, 404, 460, 403, 492, 246, 176, 476, 432, 119, 203, 167, 384, 48, 248, 39, 335, 318, 51, 294, 406, 153, 132, 50, 109, 356, 322, 412, 494, 187, 480, 434, 32, 152, 247, 390, 126, 97, 304, 337, 493, 289, 91, 225, 428, 363, 193, 144, 461, 43, 49, 93, 429, 470, 309]
56
p_hat1500-2.clq
[916, 810, 825, 1004, 357, 766, 818, 391, 614, 688, 561, 471, 862, 213, 919, 877, 1266, 1264, 130, 25, 1410, 67, 1171, 1071, 1166, 837, 427, 1343, 973, 437, 1055, 1144, 1415, 289, 1458, 1038, 989, 905, 944, 621, 1414, 1190, 449, 1388, 71, 690, 402, 737, 528, 1418, 1175, 1033, 172, 1028, 939, 563, 1482, 72, 1341, 959, 1477, 1068, 513, 138, 1384]
65
DSJC1000_5.clq
[670, 612, 248, 177, 767, 256, 312, 509, 617, 323, 372, 943, 9, 774, 414]
15
brock400_4.clq
[293, 339, 352, 16, 18, 241, 269, 388, 379, 266, 361, 201, 393, 244, 156, 153, 185, 333, 246, 210, 146, 134, 240, 265, 111, 6, 7, 196, 395, 392, 323, 160, 342]
33
C2000.5.clq
[353, 860, 1103, 9, 1889, 138, 630, 731, 1154, 1205, 1584, 1514, 1802, 27, 1688, 345]
16
p_hat700-3.clq
[247, 344, 524, 561, 367, 580, 386, 121, 372, 239, 284, 648, 24, 578, 322, 294, 144, 510, 316, 611, 607, 141, 467, 75, 586, 289, 128, 677, 583, 305, 148, 622, 151, 494, 118, 666, 638, 7, 349, 53, 114, 392, 29, 347, 325, 192, 360, 275, 68, 536, 324, 260, 135, 30, 15, 604, 131, 637, 660, 126, 127, 252]
62
brock400_2.clq
[129, 250, 252, 302, 142, 265, 325, 185, 339, 128, 108, 39, 399, 349, 56, 150, 77, 98, 318, 215, 40, 134, 256, 261, 126]
25
p_hat300-3.clq
[27, 55, 244, 32, 48, 289, 75, 173, 251, 254, 220, 189, 148, 39, 225, 138, 97, 218, 165, 158, 297, 175, 298, 20, 204, 88, 234, 246, 17, 3, 238, 272, 198, 296, 137, 292]
36
C250.9.clq
[206, 5, 184, 143, 96, 65, 114, 220, 83, 68, 149, 47, 197, 229, 158, 40, 3, 203, 181, 240, 57, 105, 133, 36, 199, 227, 137, 186, 198, 63, 52, 241, 45, 162, 182, 61, 225, 201, 109, 189, 226, 116, 159, 104]
44
p_hat700-2.clq
[255, 666, 578, 117, 600, 105, 29, 344, 648, 114, 575, 148, 675, 607, 53, 611, 635, 510, 494, 378, 316, 360, 396, 325, 294, 16, 121, 467, 512, 75, 118, 147, 561, 349, 322, 580, 324, 296, 291, 677, 14, 211, 586, 353]
44
MANN_a27.clq
[46, 244, 6, 3, 233, 318, 239, 18, 289, 196, 19, 91, 172, 331, 304, 375, 236, 301, 213, 104, 282, 312, 63, 57, 225, 39, 261, 181, 10, 211, 145, 71, 241, 36, 79, 230, 178, 22, 291, 247, 183, 89, 50, 32, 106, 187, 76, 343, 350, 143, 341, 160, 192, 221, 44, 324, 201, 280, 137, 372, 361, 156, 62, 54, 167, 131, 85, 370, 307, 253, 265, 276, 152, 315, 110, 119, 74, 51, 367, 334, 34, 352, 269, 274, 113, 259, 175, 169, 299, 218, 149, 125, 224, 101, 328, 294, 354, 271, 309, 358, 97, 133, 191, 155, 4, 364, 199, 28, 140, 116, 122, 66, 94, 256, 345, 209, 204, 287, 322, 336, 83, 251, 162, 128, 21]
125
brock800_4.clq
[493, 369, 407, 784, 731, 153, 757, 558, 346, 715, 763, 581, 765, 599, 583, 425, 416, 276, 201, 704]
20
keller6.clq
[2431, 2563, 2935, 2463, 3260, 2075, 3060, 929, 3240, 1225, 348, 2839, 2875, 2833, 1118, 2784, 176, 1013, 1, 330, 756, 907, 1050, 2607, 3205, 3293, 3317, 2477, 613, 1271, 799, 1560, 1147, 2113, 2912, 2082, 1566, 1315, 1824, 774, 2810, 374, 701, 1371, 2889, 1036, 1787, 1257, 850, 914, 2580, 843, 827]
53
