p_hat1500-1.clq
[371, 1459, 714, 357, 1149, 1474, 1395, 1402, 1466, 1451, 1124]
11
keller4.clq
[131, 139, 12, 43, 30, 163, 69, 144, 51, 87, 73]
11
C2000.9.clq
[613, 222, 995, 238, 867, 1975, 627, 784, 343, 572, 1533, 1308, 1913, 1139, 409, 1267, 1007, 363, 286, 677, 311, 809, 594, 108, 1800, 1619, 95, 68, 168, 517, 1769, 904, 1395, 865, 1025, 233, 1997, 842, 104, 416, 1413, 695, 1319, 1369, 1044, 1723, 1696, 129, 542, 1600, 288, 1868, 109, 743, 1230, 30, 1923, 1344, 103, 1143, 725, 1552, 1722, 172, 1598, 626, 470, 1063, 1233, 1269, 1933, 1441, 110]
73
C1000.9.clq
[796, 679, 441, 418, 116, 905, 70, 49, 373, 401, 263, 887, 643, 286, 565, 720, 621, 161, 770, 300, 137, 722, 22, 135, 697, 165, 688, 662, 237, 85, 11, 23, 330, 726, 904, 423, 126, 593, 764, 470, 443, 595, 31, 668, 146, 525, 768, 213, 108, 128, 919, 728, 771, 467, 541, 6, 302, 77, 740, 405, 495, 607, 618, 234, 694]
65
DSJC500_5.clq
[344, 38, 113, 472, 392, 202, 373, 413, 0, 385, 350, 303, 223]
13
brock800_2.clq
[382, 322, 146, 296, 509, 677, 598, 226, 35, 740, 364, 725, 710, 194, 690, 654, 333, 384, 659, 285]
20
gen200_p0.9_44.clq
[165, 122, 116, 46, 126, 118, 19, 155, 179, 12, 45, 140, 39, 189, 192, 37, 137, 83, 66, 149, 150, 64, 33, 128, 74, 119, 148, 81, 145, 99, 107, 92, 185, 169, 71, 28, 96, 101, 80, 1, 194, 104, 131, 93]
44
p_hat300-1.clq
[239, 37, 249, 158, 218, 267, 207, 78]
8
keller5.clq
[274, 357, 355, 701, 383, 734, 723, 171, 397, 703, 300, 267, 90, 709, 530, 294, 167, 8, 638, 3, 390, 12, 630, 18, 237, 557, 260]
27
gen200_p0.9_55.clq
[66, 90, 142, 14, 85, 32, 115, 5, 18, 196, 95, 77, 186, 162, 112, 88, 174, 11, 92, 80, 146, 13, 191, 176, 61, 143, 75, 35, 81, 158, 68, 78, 128, 20, 29, 110, 25, 145, 26, 106, 63, 34, 181, 116, 76, 4, 40, 87, 94, 197, 72, 163, 122, 24, 198]
55
gen400_p0.9_55.clq
[211, 21, 265, 273, 278, 247, 393, 296, 209, 398, 219, 23, 397, 335, 0, 81, 30, 26, 162, 282, 280, 362, 324, 79, 98, 246, 163, 18, 351, 116, 242, 55, 304, 343, 276, 148, 190, 119, 84, 345, 38, 61, 341, 53, 227, 185, 115, 106, 136, 221, 99, 93, 121, 48, 36]
55
C125.9.clq
[109, 39, 17, 18, 69, 47, 67, 97, 78, 115, 10, 121, 114, 0, 44, 76, 1, 113, 24, 124, 33, 120, 100, 46, 90, 43, 4, 48, 91, 30, 28, 116, 6, 70]
34
gen400_p0.9_65.clq
[144, 35, 13, 350, 57, 243, 374, 52, 246, 394, 340, 157, 393, 19, 46, 273, 38, 47, 209, 170, 175, 118, 167, 160, 382, 177, 187, 115, 342, 233, 362, 108, 181, 234, 165, 259, 282, 257, 137, 4, 162, 217, 197, 329, 68, 358, 289, 380, 8, 315, 333, 338, 50, 252, 49, 239, 227, 24, 366, 378, 205, 180, 27, 286, 184]
65
C4000.5.clq
[1492, 1190, 2597, 1812, 1150, 2750, 1714, 2411, 832, 1729, 3533, 2266, 2161, 353, 142, 1551, 3540]
17
p_hat1500-3.clq
