p_hat1500-1.clq
[768, 484, 25, 103, 737, 270, 462, 261, 1165, 72, 1448]
11
keller4.clq
[60, 154, 58, 134, 64, 163, 15, 80, 3, 82, 122]
11
C2000.9.clq
[1966, 1250, 1445, 49, 1176, 1868, 300, 1799, 382, 1724, 288, 448, 1120, 1123, 486, 11, 1063, 1267, 1014, 428, 573, 416, 380, 1922, 1351, 202, 168, 398, 91, 1087, 1487, 39, 1559, 1670, 295, 391, 408, 1862, 349, 977, 171, 628, 821, 647, 122, 461, 1794, 1800, 1644, 141, 381, 1013, 1055, 1219, 1951, 1254, 260, 559, 1136, 372, 98, 943, 1778, 813, 6, 1690, 729, 1506, 960, 221, 75]
71
C1000.9.clq
[144, 147, 69, 945, 96, 184, 723, 808, 935, 305, 45, 489, 513, 416, 379, 744, 338, 469, 646, 851, 81, 936, 442, 655, 218, 95, 592, 611, 779, 284, 573, 276, 795, 246, 424, 294, 138, 455, 934, 703, 627, 473, 232, 571, 80, 564, 844, 223, 710, 345, 219, 678, 103, 171, 989, 880, 406, 52, 225, 240, 252, 590, 612]
63
DSJC500_5.clq
[360, 146, 26, 99, 495, 235, 250, 112, 191, 326, 295, 199]
12
brock800_2.clq
[740, 646, 496, 277, 516, 219, 416, 787, 520, 202, 237, 255, 730, 252, 567, 387, 399, 166, 735]
19
gen200_p0.9_44.clq
[64, 119, 194, 148, 83, 28, 192, 126, 12, 81, 71, 39, 92, 99, 101, 140, 149, 1, 96, 165, 45, 189, 118, 33, 128, 122, 179, 116, 145, 74, 19, 169, 93, 150, 107, 66, 80, 104, 185, 37, 155, 57, 131, 137]
44
p_hat300-1.clq
[109, 196, 104, 295, 159, 48, 90, 263]
8
keller5.clq
[711, 83, 74, 481, 520, 419, 720, 35, 537, 658, 551, 173, 615, 4, 629, 133, 200, 327, 336, 231, 340, 633, 412, 559, 229]
25
gen200_p0.9_55.clq
[128, 158, 196, 32, 92, 145, 68, 176, 26, 5, 76, 61, 11, 115, 90, 143, 81, 110, 18, 88, 186, 78, 13, 191, 146, 142, 174, 80, 87, 40, 25, 197, 20, 112, 85, 181, 75, 72, 66, 122, 24, 29, 163, 198, 77, 4, 34, 116, 95, 162, 106, 63, 136, 14, 35]
55
gen400_p0.9_55.clq
[346, 236, 209, 126, 19, 263, 312, 245, 68, 55, 155, 338, 25, 49, 259, 17, 146, 295, 364, 341, 385, 159, 268, 355, 10, 366, 185, 133, 193, 207, 65, 84, 18, 394, 239, 104, 36, 318, 345, 322, 64, 73, 33, 163, 108, 198, 393, 54, 176, 254, 97]
51
C125.9.clq
[109, 48, 28, 70, 47, 97, 18, 43, 124, 10, 44, 30, 116, 76, 67, 33, 6, 69, 79, 4, 24, 0, 120, 46, 53, 1, 113, 121, 115, 39, 114, 17, 100, 78]
34
gen400_p0.9_65.clq
[184, 217, 205, 209, 137, 108, 273, 187, 233, 362, 282, 342, 382, 374, 340, 338, 27, 68, 50, 49, 165, 350, 246, 115, 315, 252, 170, 19, 227, 181, 243, 175, 167, 197, 380, 329, 144, 259, 24, 286, 180, 118, 234, 35, 333, 46, 358, 378, 257, 157, 289, 160, 52, 366, 38, 8, 13, 4, 177, 47, 57, 394, 162, 393, 239]
65
C4000.5.clq
[3121, 2893, 3299, 331, 2561, 848, 2953, 3090, 3587, 2508, 2802, 3507, 1986, 539, 2215]
15
p_hat1500-3.clq
[432, 10, 67, 1384, 357, 862, 1119, 1341, 427, 1264, 213, 737, 437, 1260, 536, 1026, 99, 916, 688, 111, 1415, 561, 1166, 1459, 825, 554, 388, 921, 837, 973, 1484, 1338, 944, 1156, 132, 766, 1470, 818, 402, 1144, 513, 433, 1019, 1418, 976, 1499, 989, 1004, 443, 474, 690, 102, 216, 1071, 1266, 1001, 560, 1243, 614, 1477, 905, 311, 25, 1170, 507, 1033, 563, 395, 722, 178, 959, 1410, 130, 81, 621, 852, 1045, 439, 1402, 260, 1272, 598, 391, 165, 273, 1393, 919, 803, 36, 1388, 71, 579, 1343, 1463]
94
brock200_4.clq
[7, 101, 138, 119, 168, 116, 85, 47, 152, 176, 90, 107, 110, 167, 150, 61]
16
keller6.clq
[270, 2086, 1126, 1463, 1036, 2100, 1384, 1959, 1838, 1604, 2777, 2582, 1491, 1969, 1501, 608, 2364, 1874, 185, 179, 1418, 1393, 2786, 3216, 696, 1082, 1468, 261, 2942, 2705, 1076, 294, 1509, 3309, 199, 807, 960, 3289, 1575, 3115, 893, 3279, 2712, 2681, 1705, 3069, 619, 3190, 2239]
49
p_hat300-2.clq
[258, 75, 138, 37, 20, 48, 254, 55, 47, 189, 251, 173, 3, 236, 39, 204, 19, 198, 74, 289, 88, 272, 280, 78, 295]
25
hamming10-4.clq
[101, 180, 86, 562, 120, 857, 46, 17, 136, 449, 983, 884, 576, 639, 75, 282, 912, 933, 163, 311, 958, 753, 846, 441, 540, 553, 730, 288, 717, 159, 269, 742, 519, 907, 390, 867, 476, 495, 498, 1000]
40
gen400_p0.9_75.clq
[398, 195, 249, 94, 105, 142, 337, 24, 382, 388, 283, 141, 179, 399, 264, 100, 191, 332, 5, 229, 101, 15, 244, 390, 66, 17, 54, 224, 10, 204, 162, 47, 49, 92, 154, 104, 29, 170, 57, 8, 394, 116, 123, 262, 98, 344, 53, 221, 313, 176, 156, 334, 373, 321, 358, 112, 26, 149, 340, 386, 173, 245, 111, 346, 380, 59, 307, 120, 131, 139, 367, 242, 103, 300, 144]
75
brock200_2.clq
[101, 169, 193, 117, 126, 199, 35, 69, 190, 151]
10
p_hat700-1.clq
[697, 350, 104, 467, 211, 109, 492, 191, 169, 78]
10
hamming8-4.clq
[193, 230, 115, 25, 37, 79, 171, 253, 218, 104, 140, 176, 2, 62, 151, 84]
16
C500.9.clq
[356, 193, 318, 39, 162, 289, 489, 153, 436, 322, 487, 137, 340, 118, 144, 374, 349, 475, 248, 211, 200, 302, 410, 14, 237, 76, 80, 279, 309, 494, 450, 294, 326, 362, 447, 403, 136, 185, 493, 367, 0, 408, 265, 377, 91, 352, 51, 172, 282, 181, 432, 497, 496]
53
p_hat1500-2.clq
[560, 973, 919, 877, 916, 172, 67, 561, 71, 818, 905, 1264, 422, 862, 690, 427, 391, 1410, 1071, 621, 748, 688, 130, 837, 528, 959, 437, 395, 449, 289, 439, 25, 989, 614, 737, 1482, 1055, 443, 1144, 213, 766, 402, 1484, 357, 1398, 1119, 276, 1415, 260, 825, 273, 1341, 1004, 1492, 1384, 1190, 138, 1329, 513, 563, 1458, 1246, 1477, 1266, 1068]
65
DSJC1000_5.clq
[612, 826, 97, 449, 212, 403, 272, 530, 905, 844, 378, 235, 506, 615]
14
brock400_4.clq
[386, 39, 343, 224, 135, 29, 141, 303, 164, 231, 398, 340, 313, 278, 17, 113, 394, 28, 271, 237, 117, 152, 294, 195]
24
C2000.5.clq
[1629, 1842, 696, 1719, 903, 178, 1957, 287, 1936, 618, 208, 1251, 263, 1973, 688]
15
p_hat700-3.clq
[637, 524, 316, 347, 391, 275, 536, 467, 148, 360, 344, 294, 53, 611, 128, 494, 666, 622, 75, 372, 586, 86, 30, 305, 289, 386, 72, 106, 648, 247, 325, 151, 260, 660, 144, 238, 392, 652, 16, 141, 192, 367, 578, 580, 7, 121, 239, 583, 378, 349, 117, 291, 324, 607, 105, 481, 24, 155, 29, 677, 284, 322]
62
brock400_2.clq
[135, 332, 269, 33, 349, 41, 339, 56, 363, 15, 148, 40, 108, 2, 124, 238, 39, 73, 9, 374, 318, 278, 90, 173]
24
p_hat300-3.clq
[148, 204, 48, 289, 23, 246, 218, 19, 298, 20, 297, 198, 251, 272, 238, 3, 234, 159, 75, 88, 97, 32, 175, 254, 55, 173, 165, 189, 138, 74, 18, 39, 244, 220, 47, 225]
36
C250.9.clq
[83, 104, 40, 182, 86, 36, 130, 233, 8, 167, 65, 137, 95, 206, 175, 45, 61, 197, 202, 184, 162, 158, 240, 179, 15, 140, 126, 196, 163, 143, 208, 149, 147, 73, 55, 243, 34, 62, 190, 226, 128, 98, 133, 172]
44
p_hat700-2.clq
[512, 611, 677, 372, 510, 324, 192, 349, 118, 648, 75, 322, 294, 583, 316, 360, 291, 607, 53, 580, 494, 121, 575, 353, 296, 350, 666, 467, 344, 325, 211, 396, 675, 578, 635, 561, 114, 378, 386, 148, 29, 105, 14, 117]
44
MANN_a27.clq
[79, 165, 58, 25, 178, 300, 228, 143, 285, 91, 164, 74, 242, 42, 28, 89, 333, 93, 174, 147, 372, 247, 11, 146, 360, 235, 226, 194, 159, 86, 223, 339, 13, 171, 329, 112, 295, 349, 77, 33, 116, 264, 121, 274, 238, 98, 309, 31, 200, 288, 135, 355, 41, 205, 212, 272, 345, 110, 259, 49, 126, 183, 119, 156, 62, 245, 71, 191, 267, 81, 55, 262, 255, 305, 291, 151, 312, 278, 369, 215, 130, 103, 105, 299, 168, 283, 38, 324, 63, 155, 318, 367, 323, 330, 250, 279, 375, 46, 365, 357, 132, 338, 209, 252, 308, 201, 181, 101, 66, 352, 197, 231, 124, 188, 220, 218, 140, 317, 53, 344, 19]
121
brock800_4.clq
[213, 327, 590, 626, 586, 260, 748, 73, 294, 330, 252, 617, 552, 352, 504, 675, 506, 115, 624, 242]
20
