p_hat1500-1.clq
[72, 818, 263, 1264, 443, 962, 232, 745]
8
keller4.clq
[1, 27, 10, 83, 121, 90, 69, 101, 123]
9
C2000.9.clq
[62, 1323, 19, 91, 1159, 1621, 1271, 365, 834, 299, 1585, 1890, 413, 577, 286, 416, 1739, 1385, 1922, 1980, 1997, 1667, 1586, 1610, 1411, 18, 1120, 1405, 1136, 1353, 599, 1504, 1769, 1976, 931, 72, 1487, 237, 923, 356, 732, 1959, 68, 1530, 675, 1307, 89, 1202, 1565, 1757, 1570, 852, 1737, 1968, 726, 737, 1895]
57
C1000.9.clq
[776, 252, 350, 459, 256, 823, 725, 940, 204, 344, 474, 597, 627, 147, 655, 668, 749, 128, 699, 78, 305, 418, 913, 284, 438, 734, 787, 72, 967, 283, 22, 816, 37, 937, 772, 863, 542, 810, 363, 648, 961, 623, 162, 531, 337, 933, 717, 732, 901, 490, 43, 543]
52
DSJC500_5.clq
[131, 328, 297, 480, 440, 13, 467, 104, 358, 252]
10
brock800_2.clq
[616, 139, 607, 285, 692, 531, 333, 523, 477, 98, 183, 236, 404, 309, 22, 329]
16
gen200_p0.9_44.clq
[94, 7, 101, 58, 68, 176, 150, 32, 106, 1, 175, 3, 49, 51, 85, 125, 18, 64, 71, 166, 142, 78, 90, 135, 139, 144, 46, 81, 103, 155, 59, 136, 184]
33
p_hat300-1.clq
[48, 249, 108, 258, 208, 132, 128]
7
keller5.clq
[356, 118, 185, 204, 620, 215, 78, 134, 409, 10, 538, 604, 618, 638, 505, 96, 285, 325, 482, 709, 515]
21
gen200_p0.9_55.clq
[128, 8, 94, 69, 135, 58, 151, 20, 62, 57, 118, 68, 38, 109, 102, 120, 168, 49, 44, 158, 12, 91, 105, 0, 92, 119, 177, 99, 180, 17, 96, 176, 115, 101, 65, 3, 67]
37
gen400_p0.9_55.clq
[301, 188, 107, 357, 110, 389, 193, 114, 83, 104, 371, 96, 17, 19, 28, 160, 366, 326, 158, 312, 234, 383, 1, 95, 155, 239, 338, 201, 360, 175, 270, 298, 395, 183, 2, 236, 264, 313, 206, 377, 294, 140, 205]
43
C125.9.clq
[124, 100, 28, 31, 43, 92, 97, 24, 98, 76, 16, 30, 53, 113, 6, 18, 79, 109, 10, 39, 48, 17, 69, 1, 47, 0, 4, 78, 114, 120, 121, 70]
32
gen400_p0.9_65.clq
[121, 307, 210, 384, 353, 374, 191, 67, 190, 129, 215, 349, 114, 142, 174, 314, 320, 322, 206, 340, 17, 375, 68, 95, 60, 355, 61, 301, 169, 336, 64, 73, 278, 119, 144, 34, 160, 177, 230, 124, 30, 275, 123, 395]
44
C4000.5.clq
[505, 3267, 2117, 3907, 3184, 3142, 3526, 88, 3126, 149, 3582, 905, 2830]
13
p_hat1500-3.clq
[260, 427, 138, 1458, 1266, 889, 239, 1320, 1028, 172, 1148, 351, 621, 737, 818, 414, 1120, 276, 1001, 1170, 1482, 213, 688, 989, 449, 357, 962, 1172, 245, 443, 528, 0, 520, 825, 1246, 273, 1272, 862, 919, 371, 67, 1071, 71, 916, 311, 748, 1033, 1475, 669, 388, 130, 1477, 432, 1119, 722, 232, 1175, 1384, 419, 1492, 844, 1190, 1341, 1410, 1162, 690, 1066, 124, 437, 781, 1100, 1048, 930, 390, 270]
75
brock200_4.clq
[165, 77, 138, 46, 8, 89, 72, 54, 137, 16, 78, 148, 134]
13
keller6.clq
[248, 111, 2400, 193, 199, 2260, 498, 1286, 0, 36, 48, 71, 346, 353, 377, 1558, 1560, 1588, 1760, 80, 104, 617, 484, 624, 1136, 1582, 1654, 1660, 1689, 1698, 2086, 2104, 2136, 2198, 288, 663, 1726, 2110, 2236, 3091, 2222]
41
p_hat300-2.clq
[258, 289, 230, 189, 261, 169, 218, 272, 208, 55, 75, 37, 158, 254, 138, 88, 125, 295, 118, 173, 280]
21
hamming10-4.clq
[260, 652, 834, 430, 539, 210, 473, 33, 54, 71, 72, 125, 149, 184, 228, 235, 350, 368, 387, 503, 596, 622, 674, 705, 807, 808, 845, 912, 957, 1018]
30
gen400_p0.9_75.clq
[245, 389, 84, 390, 93, 270, 49, 192, 360, 399, 102, 177, 148, 291, 210, 232, 142, 306, 374, 377, 50, 121, 52, 125, 117, 1, 349, 7, 35, 110, 292, 387, 89, 354, 2, 90, 296, 76, 256, 351, 20, 224, 394, 395]
44
brock200_2.clq
[9, 47, 35, 40, 184, 53, 69, 199, 99]
9
p_hat700-1.clq
[558, 512, 116, 458, 494, 253, 401, 333]
8
hamming8-4.clq
[25, 223, 62, 179, 134, 32, 67, 76, 117, 173, 208, 234]
12
C500.9.clq
[415, 489, 181, 280, 99, 54, 432, 318, 265, 118, 114, 492, 136, 51, 117, 373, 426, 442, 131, 138, 450, 309, 279, 294, 32, 60, 163, 454, 375, 382, 202, 338, 36, 362, 45, 57, 356, 456, 341, 124, 153, 225, 211, 192, 101]
45
p_hat1500-2.clq
[390, 484, 311, 614, 737, 1017, 823, 646, 520, 1208, 10, 357, 621, 67, 414, 688, 528, 391, 276, 433, 768, 818, 172, 1246, 1071, 71, 862, 1463, 1482, 25, 748, 825, 973, 213, 989, 939, 439, 427, 1004, 1119, 437, 232, 919, 1033, 1266, 44, 690, 1448, 428, 239, 124]
51
DSJC1000_5.clq
[334, 112, 770, 491, 915, 345, 476, 373, 23, 933, 18]
11
brock400_4.clq
[274, 68, 356, 19, 17, 208, 76, 291, 193, 25, 120, 39, 301, 314, 226, 8, 88, 189, 15]
19
C2000.5.clq
[662, 284, 1052, 1056, 1252, 343, 875, 1023, 478, 1293, 3, 1225]
12
p_hat700-3.clq
[494, 222, 75, 55, 434, 237, 291, 583, 95, 586, 49, 677, 114, 316, 121, 392, 349, 521, 534, 524, 117, 192, 344, 347, 7, 324, 118, 561, 18, 105, 360, 510, 144, 148, 29, 289, 607, 611, 53, 386, 406, 481, 666, 378, 536, 247, 238, 467, 8, 275, 635, 455]
52
brock400_2.clq
[246, 366, 348, 130, 124, 269, 15, 208, 166, 34, 375, 175, 44, 181, 303, 227, 224, 112]
18
p_hat300-3.clq
[289, 148, 48, 196, 297, 189, 109, 238, 20, 138, 75, 254, 37, 152, 55, 39, 204, 296, 246, 32, 74, 298, 18, 199, 295, 239, 225, 25, 164, 173, 97, 86]
32
C250.9.clq
[40, 93, 84, 52, 45, 65, 77, 98, 112, 214, 5, 62, 137, 194, 211, 182, 7, 16, 63, 95, 173, 233, 34, 86, 190, 234, 83, 89, 241, 96, 197, 91, 121, 94, 185, 213]
36
p_hat700-2.clq
[607, 253, 456, 29, 15, 16, 278, 104, 460, 291, 114, 575, 677, 586, 211, 417, 561, 259, 349, 121, 324, 611, 458, 78, 294, 534, 512, 325, 151, 648, 53, 260, 117, 378, 492, 30, 147]
37
MANN_a27.clq
[81, 326, 161, 201, 49, 162, 128, 236, 289, 85, 327, 286, 281, 66, 122, 13, 291, 342, 53, 220, 244, 205, 330, 131, 334, 194, 157, 228, 147, 27, 30, 33, 36, 39, 42, 45, 54, 57, 60, 63, 69, 72, 75, 78, 87, 90, 93, 96, 99, 102, 105, 108, 111, 114, 117, 123, 132, 135, 138, 141, 144, 150, 153, 165, 168, 171, 174, 177, 180, 183, 186, 189, 195, 198, 207, 210, 213, 216, 222, 225, 231, 237, 240, 246, 249, 252, 255, 258, 261, 264, 267, 270, 273, 276, 282, 294, 297, 300, 303, 306, 309, 312, 315, 318, 321, 336, 339, 345, 348, 351, 354, 357, 360, 363, 366, 369, 372, 375, 16, 22, 23, 26]
122
brock800_4.clq
[723, 629, 770, 480, 73, 261, 486, 394, 222, 214, 338, 50, 590, 596, 276, 470]
16
